26/07/2011
corrugada1_setbottom_C11_Pin=-1 _X	corrugada1_setbottom_C11_Pin=-1_Y	corrugada1_setbottom_C11_Pin=-1_Ynorm	corrugada1_setbottom_C11_Pin=-1 _X	corrugada1_setbottom_C11_Pin=-1_Y	corrugada1_setbottom_C11_Pin=-1_Ynorm	corrugada1_setbottom_C11_Pin=-1 _X	corrugada1_setbottom_C11_Pin=-1_Y	corrugada1_setbottom_C11_Pin=-1_Ynorm
1.566000E+3	-8.270000E+1	-2.627000E+2	1.566000E+3	1.070000E+2	-7.290000E+1	1.566000E+3	1.502000E+2	-2.980000E+1
1.566100E+3	4.499000E+1	-1.350100E+2	1.566050E+3	1.762000E+2	-3.700000E+0	1.566050E+3	9.670000E+1	-8.330000E+1
1.566200E+3	7.524000E+1	-1.047600E+2	1.566100E+3	-6.680000E+1	-2.467000E+2	1.566100E+3	-1.776000E+2	-3.576000E+2
1.566300E+3	-1.519000E+2	-3.319000E+2	1.566150E+3	1.725000E+2	-7.400000E+0	1.566150E+3	-1.566000E+2	-3.366000E+2
1.566400E+3	9.938000E+1	-8.062000E+1	1.566200E+3	6.446000E+1	-1.154400E+2	1.566200E+3	1.195000E+2	-6.050000E+1
1.566500E+3	-9.000000E+1	-2.700000E+2	1.566250E+3	-5.904000E+1	-2.389400E+2	1.566250E+3	2.320000E+1	-1.568000E+2
1.566600E+3	1.557000E+2	-2.430000E+1	1.566300E+3	1.065000E+2	-7.340000E+1	1.566300E+3	9.888000E+1	-8.112000E+1
1.566700E+3	-1.181000E+2	-2.981000E+2	1.566350E+3	-9.059000E+1	-2.704900E+2	1.566350E+3	-8.873000E+1	-2.687300E+2
1.566800E+3	1.694000E+2	-1.060000E+1	1.566400E+3	-1.295000E+2	-3.094000E+2	1.566400E+3	1.082000E+2	-7.180000E+1
1.566900E+3	-2.612000E+1	-2.061200E+2	1.566450E+3	-5.133000E+0	-1.850330E+2	1.566450E+3	-4.666000E+1	-2.266600E+2
1.567000E+3	-1.211000E+2	-3.011000E+2	1.566500E+3	-2.766000E+1	-2.075600E+2	1.566500E+3	-1.727000E+2	-3.527000E+2
1.567100E+3	1.535000E+2	-2.650000E+1	1.566550E+3	4.406000E+0	-1.754940E+2	1.566550E+3	8.891000E+1	-9.109000E+1
1.567200E+3	1.542000E+2	-2.580000E+1	1.566600E+3	8.831000E+1	-9.159000E+1	1.566600E+3	-2.758000E+1	-2.075800E+2
1.567300E+3	9.476000E+1	-8.524000E+1	1.566650E+3	-1.097000E+2	-2.896000E+2	1.566650E+3	-1.511000E+2	-3.311000E+2
1.567400E+3	1.431000E+2	-3.690000E+1	1.566700E+3	7.556000E+1	-1.043400E+2	1.566700E+3	-1.788000E+2	-3.588000E+2
1.567500E+3	4.499000E+1	-1.350100E+2	1.566750E+3	1.005000E+2	-7.940000E+1	1.566750E+3	1.769000E+2	-3.100000E+0
1.567600E+3	1.140000E+2	-6.600000E+1	1.566800E+3	1.327000E+2	-4.720000E+1	1.566800E+3	-1.542000E+2	-3.342000E+2
1.567700E+3	-1.350000E+2	-3.150000E+2	1.566850E+3	-8.345000E+1	-2.633500E+2	1.566850E+3	1.026000E+2	-7.740000E+1
1.567800E+3	7.182000E+1	-1.081800E+2	1.566900E+3	2.348000E+1	-1.564200E+2	1.566900E+3	1.520000E+2	-2.800000E+1
1.567900E+3	1.294000E+2	-5.060000E+1	1.566950E+3	-1.367000E+2	-3.166000E+2	1.566950E+3	1.319000E+2	-4.810000E+1
1.568000E+3	-1.431000E+2	-3.231000E+2	1.567000E+3	-7.427000E+1	-2.541700E+2	1.567000E+3	-6.976000E+1	-2.497600E+2
1.568100E+3	-1.191000E+2	-2.991000E+2	1.567050E+3	9.760000E+1	-8.230000E+1	1.567050E+3	-9.657000E+1	-2.765700E+2
1.568200E+3	-9.185000E+1	-2.718500E+2	1.567100E+3	1.462000E+2	-3.370000E+1	1.567100E+3	1.933000E+1	-1.606700E+2
1.568300E+3	-4.710000E+1	-2.271000E+2	1.567150E+3	1.368000E+2	-4.310000E+1	1.567150E+3	-5.681000E+1	-2.368100E+2
1.568400E+3	-3.819000E+1	-2.181900E+2	1.567200E+3	-8.723000E+1	-2.671300E+2	1.567200E+3	-1.302000E+2	-3.102000E+2
1.568500E+3	-2.025000E+1	-2.002500E+2	1.567250E+3	-6.344000E+1	-2.433400E+2	1.567250E+3	-9.000000E+1	-2.700000E+2
1.568600E+3	-5.242000E+0	-1.852420E+2	1.567300E+3	1.269000E+2	-5.300000E+1	1.567300E+3	1.350000E+2	-4.500000E+1
1.568700E+3	9.688000E-1	-1.790312E+2	1.567350E+3	7.034000E+1	-1.095600E+2	1.567350E+3	8.468000E+1	-9.532000E+1
1.568800E+3	9.797000E+0	-1.702030E+2	1.567400E+3	-1.350000E+2	-3.149000E+2	1.567400E+3	1.800000E+2	0.000000E+0
1.568900E+3	1.520000E+1	-1.648000E+2	1.567450E+3	4.644000E+1	-1.334600E+2	1.567450E+3	-4.500000E+1	-2.250000E+2
1.569000E+3	2.496000E+1	-1.550400E+2	1.567500E+3	-6.133000E+0	-1.860330E+2	1.567500E+3	-9.000000E+1	-2.700000E+2
1.569100E+3	3.106000E+1	-1.489400E+2	1.567550E+3	4.667000E+1	-1.332300E+2	1.567550E+3	1.166000E+2	-6.340000E+1
1.569200E+3	3.580000E+1	-1.442000E+2	1.567600E+3	2.128000E+1	-1.586200E+2	1.567600E+3	1.084000E+2	-7.160000E+1
1.569300E+3	3.777000E+1	-1.422300E+2	1.567650E+3	-1.765000E+2	-3.564000E+2	1.567650E+3	0.000000E+0	-1.800000E+2
1.569400E+3	4.470000E+1	-1.353000E+2	1.567700E+3	1.586000E+2	-2.130000E+1	1.567700E+3	-1.463000E+2	-3.263000E+2
1.569500E+3	5.968000E+1	-1.203200E+2	1.567750E+3	-3.336000E+1	-2.132600E+2	1.567750E+3	4.499000E+1	-1.350100E+2
1.569600E+3	7.261000E+1	-1.073900E+2	1.567800E+3	6.190000E+1	-1.180000E+2	1.567800E+3	3.599000E+1	-1.440100E+2
1.569700E+3	8.241000E+1	-9.759000E+1	1.567850E+3	1.626000E+2	-1.730000E+1	1.567850E+3	-1.258000E+2	-3.058000E+2
1.569800E+3	8.546000E+1	-9.454000E+1	1.567900E+3	-1.598000E+2	-3.397000E+2	1.567900E+3	-1.311000E+2	-3.111000E+2
1.569900E+3	9.098000E+1	-8.902000E+1	1.567950E+3	-1.844000E+1	-1.983400E+2	1.567950E+3	-1.350000E+2	-3.150000E+2
1.570000E+3	1.004000E+2	-7.960000E+1	1.568000E+3	-9.759000E+1	-2.774900E+2	1.568000E+3	-9.713000E+1	-2.771300E+2
1.570100E+3	1.185000E+2	-6.150000E+1	1.568050E+3	0.000000E+0	-1.799000E+2	1.568050E+3	0.000000E+0	-1.800000E+2
1.570200E+3	1.224000E+2	-5.760000E+1	1.568100E+3	-9.382000E+1	-2.737200E+2	1.568100E+3	-9.000000E+1	-2.700000E+2
1.570300E+3	1.251000E+2	-5.490000E+1	1.568150E+3	-8.557000E+1	-2.654700E+2	1.568150E+3	-7.977000E+1	-2.597700E+2
1.570400E+3	1.285000E+2	-5.150000E+1	1.568200E+3	-1.013000E+2	-2.812000E+2	1.568200E+3	-3.370000E+1	-2.137000E+2
1.570500E+3	1.479000E+2	-3.210000E+1	1.568250E+3	-7.869000E+1	-2.585900E+2	1.568250E+3	-5.904000E+1	-2.390400E+2
1.570600E+3	1.476000E+2	-3.240000E+1	1.568300E+3	-3.063000E+1	-2.105300E+2	1.568300E+3	-2.949000E+1	-2.094900E+2
1.570700E+3	1.427000E+2	-3.730000E+1	1.568350E+3	-2.891000E+1	-2.088100E+2	1.568350E+3	-2.515000E+1	-2.051500E+2
1.570800E+3	1.382000E+2	-4.180000E+1	1.568400E+3	-2.023000E+1	-2.001300E+2	1.568400E+3	-1.559000E+1	-1.955900E+2
1.570900E+3	1.479000E+2	-3.210000E+1	1.568450E+3	-1.005000E+1	-1.899500E+2	1.568450E+3	-4.094000E+0	-1.840940E+2
1.571000E+3	1.587000E+2	-2.130000E+1	1.568500E+3	-2.375000E+0	-1.822750E+2	1.568500E+3	5.063000E+0	-1.749370E+2
1.571100E+3	1.665000E+2	-1.350000E+1	1.568550E+3	6.594000E+0	-1.733060E+2	1.568550E+3	1.541000E+1	-1.645900E+2
1.571200E+3	1.706000E+2	-9.400000E+0	1.568600E+3	1.262000E+1	-1.672800E+2	1.568600E+3	2.351000E+1	-1.564900E+2
1.571300E+3	1.752000E+2	-4.800000E+0	1.568650E+3	1.564000E+1	-1.642600E+2	1.568650E+3	2.596000E+1	-1.540400E+2
1.571400E+3	1.790000E+2	-1.000000E+0	1.568700E+3	2.076000E+1	-1.591400E+2	1.568700E+3	3.250000E+1	-1.475000E+2
1.571500E+3	-1.754000E+2	-3.554000E+2	1.568750E+3	2.534000E+1	-1.545600E+2	1.568750E+3	3.838000E+1	-1.416200E+2
1.571600E+3	-1.696000E+2	-3.496000E+2	1.568800E+3	3.146000E+1	-1.484400E+2	1.568800E+3	4.596000E+1	-1.340400E+2
1.571700E+3	-1.619000E+2	-3.419000E+2	1.568850E+3	3.589000E+1	-1.440100E+2	1.568850E+3	5.225000E+1	-1.277500E+2
1.571800E+3	-1.588000E+2	-3.388000E+2	1.568900E+3	3.910000E+1	-1.408000E+2	1.568900E+3	5.645000E+1	-1.235500E+2
1.571900E+3	-1.631000E+2	-3.431000E+2	1.568950E+3	4.411000E+1	-1.357900E+2	1.568950E+3	6.110000E+1	-1.189000E+2
1.572000E+3	-1.704000E+2	-3.504000E+2	1.569000E+3	5.216000E+1	-1.277400E+2	1.569000E+3	6.690000E+1	-1.131000E+2
1.572100E+3	-1.783000E+2	-3.583000E+2	1.569050E+3	5.922000E+1	-1.206800E+2	1.569050E+3	7.524000E+1	-1.047600E+2
1.572200E+3	-1.757000E+2	-3.557000E+2	1.569100E+3	6.035000E+1	-1.195500E+2	1.569100E+3	7.986000E+1	-1.001400E+2
1.572300E+3	-1.775000E+2	-3.575000E+2	1.569150E+3	6.163000E+1	-1.182700E+2	1.569150E+3	8.150000E+1	-9.850000E+1
1.572400E+3	-1.698000E+2	-3.498000E+2	1.569200E+3	6.477000E+1	-1.151300E+2	1.569200E+3	8.609000E+1	-9.391000E+1
1.572500E+3	-1.620000E+2	-3.420000E+2	1.569250E+3	6.297000E+1	-1.169300E+2	1.569250E+3	8.569000E+1	-9.431000E+1
1.572600E+3	-1.528000E+2	-3.328000E+2	1.569300E+3	6.338000E+1	-1.165200E+2	1.569300E+3	8.706000E+1	-9.294000E+1
1.572700E+3	-1.589000E+2	-3.389000E+2	1.569350E+3	6.567000E+1	-1.142300E+2	1.569350E+3	9.069000E+1	-8.931000E+1
1.572800E+3	-1.604000E+2	-3.404000E+2	1.569400E+3	6.682000E+1	-1.130800E+2	1.569400E+3	9.236000E+1	-8.764000E+1
1.572900E+3	-1.633000E+2	-3.433000E+2	1.569450E+3	7.317000E+1	-1.067300E+2	1.569450E+3	9.976000E+1	-8.024000E+1
1.573000E+3	-1.556000E+2	-3.356000E+2	1.569500E+3	7.688000E+1	-1.030200E+2	1.569500E+3	1.044000E+2	-7.560000E+1
1.573100E+3	-1.559000E+2	-3.359000E+2	1.569550E+3	8.122000E+1	-9.868000E+1	1.569550E+3	1.083000E+2	-7.170000E+1
1.573200E+3	-1.472000E+2	-3.272000E+2	1.569600E+3	8.815000E+1	-9.175000E+1	1.569600E+3	1.136000E+2	-6.640000E+1
1.573300E+3	-1.378000E+2	-3.178000E+2	1.569650E+3	9.616000E+1	-8.374000E+1	1.569650E+3	1.202000E+2	-5.980000E+1
1.573400E+3	-1.335000E+2	-3.135000E+2	1.569700E+3	9.713000E+1	-8.277000E+1	1.569700E+3	1.199000E+2	-6.010000E+1
1.573500E+3	-1.469000E+2	-3.269000E+2	1.569750E+3	9.717000E+1	-8.273000E+1	1.569750E+3	1.178000E+2	-6.220000E+1
1.573600E+3	-1.599000E+2	-3.399000E+2	1.569800E+3	9.918000E+1	-8.072000E+1	1.569800E+3	1.176000E+2	-6.240000E+1
1.573700E+3	-1.786000E+2	-3.586000E+2	1.569850E+3	1.015000E+2	-7.840000E+1	1.569850E+3	1.189000E+2	-6.110000E+1
1.573800E+3	1.800000E+2	0.000000E+0	1.569900E+3	1.038000E+2	-7.610000E+1	1.569900E+3	1.201000E+2	-5.990000E+1
1.573900E+3	-1.754000E+2	-3.554000E+2	1.569950E+3	1.066000E+2	-7.330000E+1	1.569950E+3	1.224000E+2	-5.760000E+1
1.574000E+3	-1.605000E+2	-3.405000E+2	1.570000E+3	1.126000E+2	-6.730000E+1	1.570000E+3	1.279000E+2	-5.210000E+1
1.574100E+3	-1.630000E+2	-3.430000E+2	1.570050E+3	1.196000E+2	-6.030000E+1	1.570050E+3	1.345000E+2	-4.550000E+1
1.574200E+3	-1.655000E+2	-3.455000E+2	1.570100E+3	1.314000E+2	-4.850000E+1	1.570100E+3	1.460000E+2	-3.400000E+1
1.574300E+3	-1.588000E+2	-3.388000E+2	1.570150E+3	1.355000E+2	-4.440000E+1	1.570150E+3	1.491000E+2	-3.090000E+1
1.574400E+3	-1.570000E+2	-3.370000E+2	1.570200E+3	1.379000E+2	-4.200000E+1	1.570200E+3	1.511000E+2	-2.890000E+1
1.574500E+3	-1.695000E+2	-3.495000E+2	1.570250E+3	1.416000E+2	-3.830000E+1	1.570250E+3	1.545000E+2	-2.550000E+1
1.574600E+3	1.733000E+2	-6.700000E+0	1.570300E+3	1.427000E+2	-3.720000E+1	1.570300E+3	1.546000E+2	-2.540000E+1
1.574700E+3	1.592000E+2	-2.080000E+1	1.570350E+3	1.437000E+2	-3.620000E+1	1.570350E+3	1.550000E+2	-2.500000E+1
1.574800E+3	1.529000E+2	-2.710000E+1	1.570400E+3	1.451000E+2	-3.480000E+1	1.570400E+3	1.588000E+2	-2.120000E+1
1.574900E+3	1.539000E+2	-2.610000E+1	1.570450E+3	1.513000E+2	-2.860000E+1	1.570450E+3	1.682000E+2	-1.180000E+1
1.575000E+3	1.604000E+2	-1.960000E+1	1.570500E+3	1.616000E+2	-1.830000E+1	1.570500E+3	1.785000E+2	-1.500000E+0
1.575100E+3	1.650000E+2	-1.500000E+1	1.570550E+3	1.704000E+2	-9.500000E+0	1.570550E+3	-1.787000E+2	-3.587000E+2
1.575200E+3	1.570000E+2	-2.300000E+1	1.570600E+3	1.703000E+2	-9.600000E+0	1.570600E+3	1.745000E+2	-5.500000E+0
1.575300E+3	1.566000E+2	-2.340000E+1	1.570650E+3	1.677000E+2	-1.220000E+1	1.570650E+3	1.712000E+2	-8.800000E+0
1.575400E+3	1.546000E+2	-2.540000E+1	1.570700E+3	1.667000E+2	-1.320000E+1	1.570700E+3	1.647000E+2	-1.530000E+1
1.575500E+3	1.605000E+2	-1.950000E+1	1.570750E+3	1.630000E+2	-1.690000E+1	1.570750E+3	1.581000E+2	-2.190000E+1
1.575600E+3	1.584000E+2	-2.160000E+1	1.570800E+3	1.603000E+2	-1.960000E+1	1.570800E+3	1.567000E+2	-2.330000E+1
1.575700E+3	1.495000E+2	-3.050000E+1	1.570850E+3	1.645000E+2	-1.540000E+1	1.570850E+3	1.575000E+2	-2.250000E+1
1.575800E+3	1.503000E+2	-2.970000E+1	1.570900E+3	1.730000E+2	-6.900000E+0	1.570900E+3	1.640000E+2	-1.600000E+1
1.575900E+3	1.554000E+2	-2.460000E+1	1.570950E+3	-1.796000E+2	-3.595000E+2	1.570950E+3	1.702000E+2	-9.800000E+0
1.576000E+3	1.514000E+2	-2.860000E+1	1.571000E+3	-1.739000E+2	-3.538000E+2	1.571000E+3	1.748000E+2	-5.200000E+0
1.576100E+3	1.388000E+2	-4.120000E+1	1.571050E+3	-1.681000E+2	-3.480000E+2	1.571050E+3	-1.799000E+2	-3.599000E+2
1.576200E+3	1.321000E+2	-4.790000E+1	1.571100E+3	-1.636000E+2	-3.435000E+2	1.571100E+3	-1.751000E+2	-3.551000E+2
1.576300E+3	1.277000E+2	-5.230000E+1	1.571150E+3	-1.599000E+2	-3.398000E+2	1.571150E+3	-1.708000E+2	-3.508000E+2
1.576400E+3	1.302000E+2	-4.980000E+1	1.571200E+3	-1.569000E+2	-3.368000E+2	1.571200E+3	-1.665000E+2	-3.465000E+2
1.576500E+3	1.061000E+2	-7.390000E+1	1.571250E+3	-1.525000E+2	-3.324000E+2	1.571250E+3	-1.612000E+2	-3.412000E+2
1.576600E+3	1.016000E+2	-7.840000E+1	1.571300E+3	-1.473000E+2	-3.272000E+2	1.571300E+3	-1.550000E+2	-3.350000E+2
1.576700E+3	1.020000E+2	-7.800000E+1	1.571350E+3	-1.452000E+2	-3.251000E+2	1.571350E+3	-1.521000E+2	-3.321000E+2
1.576800E+3	1.163000E+2	-6.370000E+1	1.571400E+3	-1.437000E+2	-3.236000E+2	1.571400E+3	-1.501000E+2	-3.301000E+2
1.576900E+3	1.028000E+2	-7.720000E+1	1.571450E+3	-1.401000E+2	-3.200000E+2	1.571450E+3	-1.462000E+2	-3.262000E+2
1.577000E+3	1.014000E+2	-7.860000E+1	1.571500E+3	-1.369000E+2	-3.168000E+2	1.571500E+3	-1.422000E+2	-3.222000E+2
1.577100E+3	9.584000E+1	-8.416000E+1	1.571550E+3	-1.372000E+2	-3.171000E+2	1.571550E+3	-1.402000E+2	-3.202000E+2
1.577200E+3	9.293000E+1	-8.707000E+1	1.571600E+3	-1.346000E+2	-3.145000E+2	1.571600E+3	-1.348000E+2	-3.148000E+2
1.577300E+3	7.591000E+1	-1.040900E+2	1.571650E+3	-1.328000E+2	-3.127000E+2	1.571650E+3	-1.296000E+2	-3.096000E+2
1.577400E+3	7.927000E+1	-1.007300E+2	1.571700E+3	-1.314000E+2	-3.113000E+2	1.571700E+3	-1.252000E+2	-3.052000E+2
1.577500E+3	8.675000E+1	-9.325000E+1	1.571750E+3	-1.321000E+2	-3.120000E+2	1.571750E+3	-1.237000E+2	-3.037000E+2
1.577600E+3	8.916000E+1	-9.084000E+1	1.571800E+3	-1.314000E+2	-3.113000E+2	1.571800E+3	-1.212000E+2	-3.012000E+2
1.577700E+3	7.887000E+1	-1.011300E+2	1.571850E+3	-1.324000E+2	-3.123000E+2	1.571850E+3	-1.212000E+2	-3.012000E+2
1.577800E+3	6.222000E+1	-1.177800E+2	1.571900E+3	-1.365000E+2	-3.164000E+2	1.571900E+3	-1.242000E+2	-3.042000E+2
1.577900E+3	4.616000E+1	-1.338400E+2	1.571950E+3	-1.407000E+2	-3.206000E+2	1.571950E+3	-1.283000E+2	-3.083000E+2
1.578000E+3	4.747000E+1	-1.325300E+2	1.572000E+3	-1.431000E+2	-3.230000E+2	1.572000E+3	-1.309000E+2	-3.109000E+2
1.578100E+3	4.460000E+1	-1.354000E+2	1.572050E+3	-1.453000E+2	-3.252000E+2	1.572050E+3	-1.328000E+2	-3.128000E+2
1.578200E+3	4.405000E+1	-1.359500E+2	1.572100E+3	-1.497000E+2	-3.296000E+2	1.572100E+3	-1.369000E+2	-3.169000E+2
1.578300E+3	5.185000E+1	-1.281500E+2	1.572150E+3	-1.482000E+2	-3.281000E+2	1.572150E+3	-1.361000E+2	-3.161000E+2
1.578400E+3	4.713000E+1	-1.328700E+2	1.572200E+3	-1.474000E+2	-3.273000E+2	1.572200E+3	-1.343000E+2	-3.143000E+2
1.578500E+3	4.584000E+1	-1.341600E+2	1.572250E+3	-1.443000E+2	-3.242000E+2	1.572250E+3	-1.336000E+2	-3.136000E+2
1.578600E+3	3.157000E+1	-1.484300E+2	1.572300E+3	-1.454000E+2	-3.253000E+2	1.572300E+3	-1.361000E+2	-3.161000E+2
1.578700E+3	2.970000E+1	-1.503000E+2	1.572350E+3	-1.451000E+2	-3.250000E+2	1.572350E+3	-1.337000E+2	-3.137000E+2
1.578800E+3	2.254000E+1	-1.574600E+2	1.572400E+3	-1.409000E+2	-3.208000E+2	1.572400E+3	-1.297000E+2	-3.097000E+2
1.578900E+3	1.495000E+1	-1.650500E+2	1.572450E+3	-1.390000E+2	-3.189000E+2	1.572450E+3	-1.273000E+2	-3.073000E+2
1.579000E+3	-1.376000E+1	-1.937600E+2	1.572500E+3	-1.363000E+2	-3.162000E+2	1.572500E+3	-1.236000E+2	-3.036000E+2
1.579100E+3	-1.322000E+1	-1.932200E+2	1.572550E+3	-1.339000E+2	-3.138000E+2	1.572550E+3	-1.190000E+2	-2.990000E+2
1.579200E+3	-1.406000E-1	-1.801406E+2	1.572600E+3	-1.296000E+2	-3.095000E+2	1.572600E+3	-1.164000E+2	-2.964000E+2
1.579300E+3	-9.141000E-1	-1.809141E+2	1.572650E+3	-1.315000E+2	-3.114000E+2	1.572650E+3	-1.183000E+2	-2.983000E+2
1.579400E+3	-2.416000E+1	-2.041600E+2	1.572700E+3	-1.367000E+2	-3.166000E+2	1.572700E+3	-1.225000E+2	-3.025000E+2
1.579500E+3	-4.384000E+1	-2.238400E+2	1.572750E+3	-1.396000E+2	-3.195000E+2	1.572750E+3	-1.257000E+2	-3.057000E+2
1.579600E+3	-5.894000E+1	-2.389400E+2	1.572800E+3	-1.386000E+2	-3.185000E+2	1.572800E+3	-1.253000E+2	-3.053000E+2
1.579700E+3	-6.377000E+1	-2.437700E+2	1.572850E+3	-1.396000E+2	-3.195000E+2	1.572850E+3	-1.263000E+2	-3.063000E+2
1.579800E+3	-6.435000E+1	-2.443500E+2	1.572900E+3	-1.404000E+2	-3.203000E+2	1.572900E+3	-1.274000E+2	-3.074000E+2
1.579900E+3	-6.095000E+1	-2.409500E+2	1.572950E+3	-1.361000E+2	-3.160000E+2	1.572950E+3	-1.240000E+2	-3.040000E+2
1.580000E+3	-6.052000E+1	-2.405200E+2	1.573000E+3	-1.319000E+2	-3.118000E+2	1.573000E+3	-1.200000E+2	-3.000000E+2
1.580100E+3	-7.037000E+1	-2.503700E+2	1.573050E+3	-1.310000E+2	-3.109000E+2	1.573050E+3	-1.191000E+2	-2.991000E+2
1.580200E+3	-8.172000E+1	-2.617200E+2	1.573100E+3	-1.314000E+2	-3.113000E+2	1.573100E+3	-1.194000E+2	-2.994000E+2
1.580300E+3	-9.020000E+1	-2.702000E+2	1.573150E+3	-1.290000E+2	-3.089000E+2	1.573150E+3	-1.171000E+2	-2.971000E+2
1.580400E+3	-8.908000E+1	-2.690800E+2	1.573200E+3	-1.231000E+2	-3.030000E+2	1.573200E+3	-1.112000E+2	-2.912000E+2
1.580500E+3	-9.108000E+1	-2.710800E+2	1.573250E+3	-1.178000E+2	-2.977000E+2	1.573250E+3	-1.054000E+2	-2.854000E+2
1.580600E+3	-9.313000E+1	-2.731300E+2	1.573300E+3	-1.141000E+2	-2.940000E+2	1.573300E+3	-1.009000E+2	-2.809000E+2
1.580700E+3	-1.043000E+2	-2.843000E+2	1.573350E+3	-1.126000E+2	-2.925000E+2	1.573350E+3	-9.885000E+1	-2.788500E+2
1.580800E+3	-1.035000E+2	-2.835000E+2	1.573400E+3	-1.106000E+2	-2.905000E+2	1.573400E+3	-9.706000E+1	-2.770600E+2
1.580900E+3	-1.063000E+2	-2.863000E+2	1.573450E+3	-1.150000E+2	-2.949000E+2	1.573450E+3	-1.005000E+2	-2.805000E+2
1.581000E+3	-1.059000E+2	-2.859000E+2	1.573500E+3	-1.244000E+2	-3.043000E+2	1.573500E+3	-1.091000E+2	-2.891000E+2
1.581100E+3	-1.234000E+2	-3.034000E+2	1.573550E+3	-1.324000E+2	-3.123000E+2	1.573550E+3	-1.164000E+2	-2.964000E+2
1.581200E+3	-1.236000E+2	-3.036000E+2	1.573600E+3	-1.392000E+2	-3.191000E+2	1.573600E+3	-1.225000E+2	-3.025000E+2
1.581300E+3	-1.332000E+2	-3.132000E+2	1.573650E+3	-1.473000E+2	-3.272000E+2	1.573650E+3	-1.293000E+2	-3.093000E+2
1.581400E+3	-1.367000E+2	-3.167000E+2	1.573700E+3	-1.588000E+2	-3.387000E+2	1.573700E+3	-1.394000E+2	-3.194000E+2
1.581500E+3	-1.449000E+2	-3.249000E+2	1.573750E+3	-1.648000E+2	-3.447000E+2	1.573750E+3	-1.455000E+2	-3.255000E+2
1.581600E+3	-1.509000E+2	-3.309000E+2	1.573800E+3	-1.619000E+2	-3.418000E+2	1.573800E+3	-1.416000E+2	-3.216000E+2
1.581700E+3	-1.613000E+2	-3.413000E+2	1.573850E+3	-1.595000E+2	-3.394000E+2	1.573850E+3	-1.383000E+2	-3.183000E+2
1.581800E+3	-1.655000E+2	-3.455000E+2	1.573900E+3	-1.584000E+2	-3.383000E+2	1.573900E+3	-1.368000E+2	-3.168000E+2
1.581900E+3	-1.733000E+2	-3.533000E+2	1.573950E+3	-1.512000E+2	-3.311000E+2	1.573950E+3	-1.294000E+2	-3.094000E+2
1.582000E+3	-1.765000E+2	-3.565000E+2	1.574000E+3	-1.448000E+2	-3.247000E+2	1.574000E+3	-1.228000E+2	-3.028000E+2
1.582100E+3	-1.765000E+2	-3.565000E+2	1.574050E+3	-1.421000E+2	-3.220000E+2	1.574050E+3	-1.194000E+2	-2.994000E+2
1.582200E+3	1.724000E+2	-7.600000E+0	1.574100E+3	-1.499000E+2	-3.298000E+2	1.574100E+3	-1.248000E+2	-3.048000E+2
1.582300E+3	1.666000E+2	-1.340000E+1	1.574150E+3	-1.585000E+2	-3.384000E+2	1.574150E+3	-1.309000E+2	-3.109000E+2
1.582400E+3	1.652000E+2	-1.480000E+1	1.574200E+3	-1.578000E+2	-3.377000E+2	1.574200E+3	-1.286000E+2	-3.086000E+2
1.582500E+3	1.664000E+2	-1.360000E+1	1.574250E+3	-1.540000E+2	-3.339000E+2	1.574250E+3	-1.231000E+2	-3.031000E+2
1.582600E+3	1.513000E+2	-2.870000E+1	1.574300E+3	-1.541000E+2	-3.340000E+2	1.574300E+3	-1.219000E+2	-3.019000E+2
1.582700E+3	1.507000E+2	-2.930000E+1	1.574350E+3	-1.539000E+2	-3.338000E+2	1.574350E+3	-1.207000E+2	-3.007000E+2
1.582800E+3	1.483000E+2	-3.170000E+1	1.574400E+3	-1.547000E+2	-3.346000E+2	1.574400E+3	-1.207000E+2	-3.007000E+2
1.582900E+3	1.523000E+2	-2.770000E+1	1.574450E+3	-1.582000E+2	-3.381000E+2	1.574450E+3	-1.227000E+2	-3.027000E+2
1.583000E+3	1.309000E+2	-4.910000E+1	1.574500E+3	-1.699000E+2	-3.498000E+2	1.574500E+3	-1.315000E+2	-3.115000E+2
1.583100E+3	1.258000E+2	-5.420000E+1	1.574550E+3	1.795000E+2	-4.000000E-1	1.574550E+3	-1.420000E+2	-3.220000E+2
1.583200E+3	1.008000E+2	-7.920000E+1	1.574600E+3	1.719000E+2	-8.000000E+0	1.574600E+3	-1.500000E+2	-3.300000E+2
1.583300E+3	9.616000E+1	-8.384000E+1	1.574650E+3	1.644000E+2	-1.550000E+1	1.574650E+3	-1.583000E+2	-3.383000E+2
1.583400E+3	8.742000E+1	-9.258000E+1	1.574700E+3	1.578000E+2	-2.210000E+1	1.574700E+3	-1.666000E+2	-3.466000E+2
1.583500E+3	7.893000E+1	-1.010700E+2	1.574750E+3	1.541000E+2	-2.580000E+1	1.574750E+3	-1.727000E+2	-3.527000E+2
1.583600E+3	7.108000E+1	-1.089200E+2	1.574800E+3	1.519000E+2	-2.800000E+1	1.574800E+3	-1.770000E+2	-3.570000E+2
1.583700E+3	7.599000E+1	-1.040100E+2	1.574850E+3	1.498000E+2	-3.010000E+1	1.574850E+3	1.785000E+2	-1.500000E+0
1.583800E+3	7.439000E+1	-1.056100E+2	1.574900E+3	1.536000E+2	-2.630000E+1	1.574900E+3	1.795000E+2	-5.000000E-1
1.583900E+3	6.195000E+1	-1.180500E+2	1.574950E+3	1.576000E+2	-2.230000E+1	1.574950E+3	-1.786000E+2	-3.586000E+2
1.584000E+3	5.213000E+1	-1.278700E+2	1.575000E+3	1.618000E+2	-1.810000E+1	1.575000E+3	-1.762000E+2	-3.562000E+2
1.584100E+3	4.957000E+1	-1.304300E+2	1.575050E+3	1.644000E+2	-1.550000E+1	1.575050E+3	-1.750000E+2	-3.550000E+2
1.584200E+3	4.716000E+1	-1.328400E+2	1.575100E+3	1.668000E+2	-1.310000E+1	1.575100E+3	-1.736000E+2	-3.536000E+2
1.584300E+3	2.875000E+1	-1.512500E+2	1.575150E+3	1.685000E+2	-1.140000E+1	1.575150E+3	-1.729000E+2	-3.529000E+2
1.584400E+3	1.763000E+1	-1.623700E+2	1.575200E+3	1.606000E+2	-1.930000E+1	1.575200E+3	1.779000E+2	-2.100000E+0
1.584500E+3	-2.969000E+0	-1.829690E+2	1.575250E+3	1.583000E+2	-2.160000E+1	1.575250E+3	1.744000E+2	-5.600000E+0
1.584600E+3	-4.172000E+0	-1.841720E+2	1.575300E+3	1.603000E+2	-1.960000E+1	1.575300E+3	1.750000E+2	-5.000000E+0
1.584700E+3	-1.375000E+0	-1.813750E+2	1.575350E+3	1.603000E+2	-1.960000E+1	1.575350E+3	1.746000E+2	-5.400000E+0
1.584800E+3	-2.773000E+0	-1.827730E+2	1.575400E+3	1.593000E+2	-2.060000E+1	1.575400E+3	1.734000E+2	-6.600000E+0
1.584900E+3	-1.630000E+1	-1.963000E+2	1.575450E+3	1.622000E+2	-1.770000E+1	1.575450E+3	1.762000E+2	-3.800000E+0
1.585000E+3	-1.702000E+1	-1.970200E+2	1.575500E+3	1.650000E+2	-1.490000E+1	1.575500E+3	1.791000E+2	-9.000000E-1
1.585100E+3	-2.346000E+1	-2.034600E+2	1.575550E+3	1.688000E+2	-1.110000E+1	1.575550E+3	-1.771000E+2	-3.571000E+2
1.585200E+3	-3.057000E+1	-2.105700E+2	1.575600E+3	1.629000E+2	-1.700000E+1	1.575600E+3	1.769000E+2	-3.100000E+0
1.585300E+3	-4.842000E+1	-2.284200E+2	1.575650E+3	1.513000E+2	-2.860000E+1	1.575650E+3	1.642000E+2	-1.580000E+1
1.585400E+3	-5.924000E+1	-2.392400E+2	1.575700E+3	1.516000E+2	-2.830000E+1	1.575700E+3	1.640000E+2	-1.600000E+1
1.585500E+3	-6.312000E+1	-2.431200E+2	1.575750E+3	1.545000E+2	-2.540000E+1	1.575750E+3	1.668000E+2	-1.320000E+1
1.585600E+3	-6.135000E+1	-2.413500E+2	1.575800E+3	1.520000E+2	-2.790000E+1	1.575800E+3	1.645000E+2	-1.550000E+1
1.585700E+3	-6.632000E+1	-2.463200E+2	1.575850E+3	1.502000E+2	-2.970000E+1	1.575850E+3	1.627000E+2	-1.730000E+1
1.585800E+3	-7.227000E+1	-2.522700E+2	1.575900E+3	1.547000E+2	-2.520000E+1	1.575900E+3	1.669000E+2	-1.310000E+1
1.585900E+3	-7.712000E+1	-2.571200E+2	1.575950E+3	1.559000E+2	-2.400000E+1	1.575950E+3	1.688000E+2	-1.120000E+1
1.586000E+3	-8.063000E+1	-2.606300E+2	1.576000E+3	1.502000E+2	-2.970000E+1	1.576000E+3	1.632000E+2	-1.680000E+1
1.586100E+3	-8.389000E+1	-2.638900E+2	1.576050E+3	1.414000E+2	-3.850000E+1	1.576050E+3	1.539000E+2	-2.610000E+1
1.586200E+3	-9.508000E+1	-2.750800E+2	1.576100E+3	1.380000E+2	-4.190000E+1	1.576100E+3	1.498000E+2	-3.020000E+1
1.586300E+3	-1.013000E+2	-2.813000E+2	1.576150E+3	1.346000E+2	-4.530000E+1	1.576150E+3	1.464000E+2	-3.360000E+1
1.586400E+3	-1.037000E+2	-2.837000E+2	1.576200E+3	1.329000E+2	-4.700000E+1	1.576200E+3	1.448000E+2	-3.520000E+1
1.586500E+3	-1.068000E+2	-2.868000E+2	1.576250E+3	1.325000E+2	-4.740000E+1	1.576250E+3	1.443000E+2	-3.570000E+1
1.586600E+3	-1.117000E+2	-2.917000E+2	1.576300E+3	1.299000E+2	-5.000000E+1	1.576300E+3	1.415000E+2	-3.850000E+1
1.586700E+3	-1.129000E+2	-2.929000E+2	1.576350E+3	1.310000E+2	-4.890000E+1	1.576350E+3	1.415000E+2	-3.850000E+1
1.586800E+3	-1.210000E+2	-3.010000E+2	1.576400E+3	1.337000E+2	-4.620000E+1	1.576400E+3	1.444000E+2	-3.560000E+1
1.586900E+3	-1.170000E+2	-2.970000E+2	1.576450E+3	1.192000E+2	-6.070000E+1	1.576450E+3	1.301000E+2	-4.990000E+1
1.587000E+3	-1.134000E+2	-2.934000E+2	1.576500E+3	1.105000E+2	-6.940000E+1	1.576500E+3	1.196000E+2	-6.040000E+1
1.587100E+3	-1.289000E+2	-3.089000E+2	1.576550E+3	1.129000E+2	-6.700000E+1	1.576550E+3	1.226000E+2	-5.740000E+1
1.587200E+3	-1.482000E+2	-3.282000E+2	1.576600E+3	1.078000E+2	-7.210000E+1	1.576600E+3	1.184000E+2	-6.160000E+1
1.587300E+3	-1.649000E+2	-3.449000E+2	1.576650E+3	1.062000E+2	-7.370000E+1	1.576650E+3	1.164000E+2	-6.360000E+1
1.587400E+3	-1.726000E+2	-3.526000E+2	1.576700E+3	1.085000E+2	-7.140000E+1	1.576700E+3	1.169000E+2	-6.310000E+1
1.587500E+3	-1.616000E+2	-3.416000E+2	1.576750E+3	1.175000E+2	-6.240000E+1	1.576750E+3	1.242000E+2	-5.580000E+1
1.587600E+3	-1.577000E+2	-3.377000E+2	1.576800E+3	1.234000E+2	-5.650000E+1	1.576800E+3	1.289000E+2	-5.110000E+1
1.587700E+3	1.747000E+2	-5.300000E+0	1.576850E+3	1.158000E+2	-6.410000E+1	1.576850E+3	1.213000E+2	-5.870000E+1
1.587800E+3	1.610000E+2	-1.900000E+1	1.576900E+3	1.104000E+2	-6.950000E+1	1.576900E+3	1.147000E+2	-6.530000E+1
1.587900E+3	1.391000E+2	-4.090000E+1	1.576950E+3	1.108000E+2	-6.910000E+1	1.576950E+3	1.147000E+2	-6.530000E+1
1.588000E+3	1.336000E+2	-4.640000E+1	1.577000E+3	1.102000E+2	-6.970000E+1	1.577000E+3	1.135000E+2	-6.650000E+1
1.588100E+3	1.225000E+2	-5.750000E+1	1.577050E+3	1.069000E+2	-7.300000E+1	1.577050E+3	1.095000E+2	-7.050000E+1
1.588200E+3	1.250000E+2	-5.500000E+1	1.577100E+3	1.062000E+2	-7.370000E+1	1.577100E+3	1.079000E+2	-7.210000E+1
1.588300E+3	1.260000E+2	-5.400000E+1	1.577150E+3	1.012000E+2	-7.870000E+1	1.577150E+3	1.013000E+2	-7.870000E+1
1.588400E+3	1.285000E+2	-5.150000E+1	1.577200E+3	1.042000E+2	-7.570000E+1	1.577200E+3	1.022000E+2	-7.780000E+1
1.588500E+3	1.103000E+2	-6.970000E+1	1.577250E+3	1.018000E+2	-7.810000E+1	1.577250E+3	9.870000E+1	-8.130000E+1
1.588600E+3	9.149000E+1	-8.851000E+1	1.577300E+3	8.889000E+1	-9.101000E+1	1.577300E+3	8.437000E+1	-9.563000E+1
1.588700E+3	8.024000E+1	-9.976000E+1	1.577350E+3	8.353000E+1	-9.637000E+1	1.577350E+3	7.646000E+1	-1.035400E+2
1.588800E+3	1.043000E+2	-7.570000E+1	1.577400E+3	9.102000E+1	-8.888000E+1	1.577400E+3	8.228000E+1	-9.772000E+1
1.588900E+3	1.020000E+2	-7.800000E+1	1.577450E+3	9.213000E+1	-8.777000E+1	1.577450E+3	8.308000E+1	-9.692000E+1
1.589000E+3	7.323000E+1	-1.067700E+2	1.577500E+3	9.684000E+1	-8.306000E+1	1.577500E+3	8.827000E+1	-9.173000E+1
1.589100E+3	4.111000E+1	-1.388900E+2	1.577550E+3	9.561000E+1	-8.429000E+1	1.577550E+3	8.745000E+1	-9.255000E+1
1.589200E+3	2.074000E+1	-1.592600E+2	1.577600E+3	9.725000E+1	-8.265000E+1	1.577600E+3	8.891000E+1	-9.109000E+1
1.589300E+3	2.304000E+1	-1.569600E+2	1.577650E+3	9.966000E+1	-8.024000E+1	1.577650E+3	9.171000E+1	-8.829000E+1
1.589400E+3	4.488000E+1	-1.351200E+2	1.577700E+3	8.726000E+1	-9.264000E+1	1.577700E+3	8.034000E+1	-9.966000E+1
1.589500E+3	3.413000E+1	-1.458700E+2	1.577750E+3	6.653000E+1	-1.133700E+2	1.577750E+3	6.048000E+1	-1.195200E+2
1.589600E+3	1.438000E+0	-1.785620E+2	1.577800E+3	6.633000E+1	-1.135700E+2	1.577800E+3	6.118000E+1	-1.188200E+2
1.589700E+3	-2.102000E+0	-1.821020E+2	1.577850E+3	5.906000E+1	-1.208400E+2	1.577850E+3	5.595000E+1	-1.240500E+2
1.589800E+3	4.656000E+0	-1.753440E+2	1.577900E+3	4.809000E+1	-1.318100E+2	1.577900E+3	4.621000E+1	-1.337900E+2
1.589900E+3	1.348000E+1	-1.665200E+2	1.577950E+3	4.657000E+1	-1.333300E+2	1.577950E+3	4.571000E+1	-1.342900E+2
1.590000E+3	-1.811000E+1	-1.981100E+2	1.578000E+3	4.723000E+1	-1.326700E+2	1.578000E+3	4.673000E+1	-1.332700E+2
1.590100E+3	-1.948000E+1	-1.994800E+2	1.578050E+3	4.788000E+1	-1.320200E+2	1.578050E+3	4.760000E+1	-1.324000E+2
1.590200E+3	-2.366000E+1	-2.036600E+2	1.578100E+3	4.869000E+1	-1.312100E+2	1.578100E+3	4.849000E+1	-1.315100E+2
1.590300E+3	-1.312000E+1	-1.931200E+2	1.578150E+3	3.955000E+1	-1.403500E+2	1.578150E+3	3.907000E+1	-1.409300E+2
1.590400E+3	-2.302000E+1	-2.030200E+2	1.578200E+3	3.930000E+1	-1.406000E+2	1.578200E+3	3.765000E+1	-1.423500E+2
1.590500E+3	-3.093000E+1	-2.109300E+2	1.578250E+3	4.698000E+1	-1.329200E+2	1.578250E+3	4.407000E+1	-1.359300E+2
1.590600E+3	-2.074000E+1	-2.007400E+2	1.578300E+3	5.100000E+1	-1.289000E+2	1.578300E+3	4.700000E+1	-1.330000E+2
1.590700E+3	-2.723000E+1	-2.072300E+2	1.578350E+3	5.063000E+1	-1.292700E+2	1.578350E+3	4.631000E+1	-1.336900E+2
1.590800E+3	-3.005000E+1	-2.100500E+2	1.578400E+3	4.724000E+1	-1.326600E+2	1.578400E+3	4.209000E+1	-1.379100E+2
1.590900E+3	-6.597000E+1	-2.459700E+2	1.578450E+3	5.109000E+1	-1.288100E+2	1.578450E+3	4.501000E+1	-1.349900E+2
1.591000E+3	-7.213000E+1	-2.521300E+2	1.578500E+3	4.799000E+1	-1.319100E+2	1.578500E+3	4.209000E+1	-1.379100E+2
1.591100E+3	-6.688000E+1	-2.468800E+2	1.578550E+3	3.095000E+1	-1.489500E+2	1.578550E+3	2.473000E+1	-1.552700E+2
1.591200E+3	-5.976000E+1	-2.397600E+2	1.578600E+3	3.335000E+1	-1.465500E+2	1.578600E+3	2.580000E+1	-1.542000E+2
1.591300E+3	-8.057000E+1	-2.605700E+2	1.578650E+3	3.749000E+1	-1.424100E+2	1.578650E+3	3.030000E+1	-1.497000E+2
1.591400E+3	-8.656000E+1	-2.665600E+2	1.578700E+3	3.305000E+1	-1.468500E+2	1.578700E+3	2.588000E+1	-1.541200E+2
1.591500E+3	-8.885000E+1	-2.688500E+2	1.578750E+3	3.107000E+1	-1.488300E+2	1.578750E+3	2.387000E+1	-1.561300E+2
1.591600E+3	-8.432000E+1	-2.643200E+2	1.578800E+3	2.651000E+1	-1.533900E+2	1.578800E+3	1.921000E+1	-1.607900E+2
1.591700E+3	-8.708000E+1	-2.670800E+2	1.578850E+3	2.538000E+1	-1.545200E+2	1.578850E+3	1.801000E+1	-1.619900E+2
1.591800E+3	-8.435000E+1	-2.643500E+2	1.578900E+3	2.030000E+1	-1.596000E+2	1.578900E+3	1.306000E+1	-1.669400E+2
1.591900E+3	-8.866000E+1	-2.686600E+2	1.578950E+3	3.586000E+0	-1.763140E+2	1.578950E+3	-3.805000E+0	-1.838050E+2
1.592000E+3	-9.920000E+1	-2.792000E+2	1.579000E+3	-8.133000E+0	-1.880330E+2	1.579000E+3	-1.612000E+1	-1.961200E+2
1.592100E+3	-1.019000E+2	-2.819000E+2	1.579050E+3	-5.328000E+0	-1.852280E+2	1.579050E+3	-1.350000E+1	-1.935000E+2
1.592200E+3	-1.073000E+2	-2.873000E+2	1.579100E+3	-6.375000E+0	-1.862750E+2	1.579100E+3	-1.484000E+1	-1.948400E+2
1.592300E+3	-1.054000E+2	-2.854000E+2	1.579150E+3	-2.414000E+0	-1.823140E+2	1.579150E+3	-1.146000E+1	-1.914600E+2
1.592400E+3	-1.408000E+2	-3.208000E+2	1.579200E+3	5.992000E+0	-1.739080E+2	1.579200E+3	-3.109000E+0	-1.831090E+2
1.592500E+3	-1.395000E+2	-3.195000E+2	1.579250E+3	8.109000E+0	-1.717910E+2	1.579250E+3	-1.195000E+0	-1.811950E+2
1.592600E+3	-1.652000E+2	-3.452000E+2	1.579300E+3	5.555000E+0	-1.743450E+2	1.579300E+3	-3.188000E+0	-1.831880E+2
1.592700E+3	-1.384000E+2	-3.184000E+2	1.579350E+3	-5.617000E+0	-1.855170E+2	1.579350E+3	-1.405000E+1	-1.940500E+2
1.592800E+3	-1.452000E+2	-3.252000E+2	1.579400E+3	-1.831000E+1	-1.982100E+2	1.579400E+3	-2.595000E+1	-2.059500E+2
1.592900E+3	-1.532000E+2	-3.332000E+2	1.579450E+3	-2.477000E+1	-2.046700E+2	1.579450E+3	-3.241000E+1	-2.124100E+2
1.593000E+3	1.740000E+2	-6.000000E+0	1.579500E+3	-3.693000E+1	-2.168300E+2	1.579500E+3	-4.487000E+1	-2.248700E+2
1.593100E+3	-1.628000E+2	-3.428000E+2	1.579550E+3	-4.830000E+1	-2.282000E+2	1.579550E+3	-5.700000E+1	-2.370000E+2
1.593200E+3	-1.621000E+2	-3.421000E+2	1.579600E+3	-5.268000E+1	-2.325800E+2	1.579600E+3	-6.162000E+1	-2.416200E+2
1.593300E+3	-1.740000E+2	-3.540000E+2	1.579650E+3	-5.635000E+1	-2.362500E+2	1.579650E+3	-6.636000E+1	-2.463600E+2
1.593400E+3	1.641000E+2	-1.590000E+1	1.579700E+3	-5.717000E+1	-2.370700E+2	1.579700E+3	-6.806000E+1	-2.480600E+2
1.593500E+3	1.396000E+2	-4.040000E+1	1.579750E+3	-5.610000E+1	-2.360000E+2	1.579750E+3	-6.759000E+1	-2.475900E+2
1.593600E+3	1.392000E+2	-4.080000E+1	1.579800E+3	-5.713000E+1	-2.370300E+2	1.579800E+3	-6.899000E+1	-2.489900E+2
1.593700E+3	1.348000E+2	-4.520000E+1	1.579850E+3	-5.622000E+1	-2.361200E+2	1.579850E+3	-6.829000E+1	-2.482900E+2
1.593800E+3	1.455000E+2	-3.450000E+1	1.579900E+3	-5.343000E+1	-2.333300E+2	1.579900E+3	-6.597000E+1	-2.459700E+2
1.593900E+3	1.228000E+2	-5.720000E+1	1.579950E+3	-4.879000E+1	-2.286900E+2	1.579950E+3	-6.187000E+1	-2.418700E+2
1.594000E+3	1.287000E+2	-5.130000E+1	1.580000E+3	-5.337000E+1	-2.332700E+2	1.580000E+3	-6.670000E+1	-2.467000E+2
1.594100E+3	1.309000E+2	-4.910000E+1	1.580050E+3	-6.515000E+1	-2.450500E+2	1.580050E+3	-7.861000E+1	-2.586100E+2
1.594200E+3	1.402000E+2	-3.980000E+1	1.580100E+3	-6.473000E+1	-2.446300E+2	1.580100E+3	-7.867000E+1	-2.586700E+2
1.594300E+3	1.363000E+2	-4.370000E+1	1.580150E+3	-6.685000E+1	-2.467500E+2	1.580150E+3	-8.063000E+1	-2.606300E+2
1.594400E+3	1.450000E+2	-3.500000E+1	1.580200E+3	-7.673000E+1	-2.566300E+2	1.580200E+3	-9.003000E+1	-2.700300E+2
1.594500E+3	1.366000E+2	-4.340000E+1	1.580250E+3	-9.025000E+1	-2.701500E+2	1.580250E+3	-1.031000E+2	-2.831000E+2
1.594600E+3	1.248000E+2	-5.520000E+1	1.580300E+3	-8.688000E+1	-2.667800E+2	1.580300E+3	-9.892000E+1	-2.789200E+2
1.594700E+3	9.759000E+1	-8.241000E+1	1.580350E+3	-8.584000E+1	-2.657400E+2	1.580350E+3	-9.711000E+1	-2.771100E+2
1.594800E+3	1.066000E+2	-7.340000E+1	1.580400E+3	-8.556000E+1	-2.654600E+2	1.580400E+3	-9.656000E+1	-2.765600E+2
1.594900E+3	1.213000E+2	-5.870000E+1	1.580450E+3	-8.591000E+1	-2.658100E+2	1.580450E+3	-9.623000E+1	-2.762300E+2
1.595000E+3	1.103000E+2	-6.970000E+1	1.580500E+3	-8.795000E+1	-2.678500E+2	1.580500E+3	-9.748000E+1	-2.774800E+2
1.595100E+3	9.352000E+1	-8.648000E+1	1.580550E+3	-8.348000E+1	-2.633800E+2	1.580550E+3	-9.219000E+1	-2.721900E+2
1.595200E+3	1.001000E+2	-7.990000E+1	1.580600E+3	-8.901000E+1	-2.689100E+2	1.580600E+3	-9.720000E+1	-2.772000E+2
1.595300E+3	1.102000E+2	-6.980000E+1	1.580650E+3	-1.009000E+2	-2.808000E+2	1.580650E+3	-1.093000E+2	-2.893000E+2
1.595400E+3	9.170000E+1	-8.830000E+1	1.580700E+3	-1.005000E+2	-2.804000E+2	1.580700E+3	-1.095000E+2	-2.895000E+2
1.595500E+3	7.810000E+1	-1.019000E+2	1.580750E+3	-9.708000E+1	-2.769800E+2	1.580750E+3	-1.063000E+2	-2.863000E+2
1.595600E+3	5.503000E+1	-1.249700E+2	1.580800E+3	-9.876000E+1	-2.786600E+2	1.580800E+3	-1.083000E+2	-2.883000E+2
1.595700E+3	4.899000E+1	-1.310100E+2	1.580850E+3	-9.872000E+1	-2.786200E+2	1.580850E+3	-1.083000E+2	-2.883000E+2
1.595800E+3	5.409000E+1	-1.259100E+2	1.580900E+3	-1.010000E+2	-2.809000E+2	1.580900E+3	-1.109000E+2	-2.909000E+2
1.595900E+3	6.169000E+1	-1.183100E+2	1.580950E+3	-1.011000E+2	-2.810000E+2	1.580950E+3	-1.114000E+2	-2.914000E+2
1.596000E+3	7.863000E+1	-1.013700E+2	1.581000E+3	-9.938000E+1	-2.792800E+2	1.581000E+3	-1.096000E+2	-2.896000E+2
1.596100E+3	5.413000E+1	-1.258700E+2	1.581050E+3	-1.095000E+2	-2.894000E+2	1.581050E+3	-1.198000E+2	-2.998000E+2
1.596200E+3	3.357000E+1	-1.464300E+2	1.581100E+3	-1.160000E+2	-2.959000E+2	1.581100E+3	-1.263000E+2	-3.063000E+2
1.596300E+3	2.608000E+1	-1.539200E+2	1.581150E+3	-1.147000E+2	-2.946000E+2	1.581150E+3	-1.250000E+2	-3.050000E+2
1.596400E+3	1.313000E+1	-1.668700E+2	1.581200E+3	-1.187000E+2	-2.986000E+2	1.581200E+3	-1.290000E+2	-3.090000E+2
1.596500E+3	3.752000E+1	-1.424800E+2	1.581250E+3	-1.230000E+2	-3.029000E+2	1.581250E+3	-1.333000E+2	-3.133000E+2
1.596600E+3	5.099000E+1	-1.290100E+2	1.581300E+3	-1.257000E+2	-3.056000E+2	1.581300E+3	-1.358000E+2	-3.158000E+2
1.596700E+3	6.002000E+1	-1.199800E+2	1.581350E+3	-1.269000E+2	-3.068000E+2	1.581350E+3	-1.369000E+2	-3.169000E+2
1.596800E+3	5.668000E+1	-1.233200E+2	1.581400E+3	-1.293000E+2	-3.092000E+2	1.581400E+3	-1.394000E+2	-3.194000E+2
1.596900E+3	3.818000E+1	-1.418200E+2	1.581450E+3	-1.341000E+2	-3.140000E+2	1.581450E+3	-1.444000E+2	-3.244000E+2
1.597000E+3	-3.889000E+1	-2.188900E+2	1.581500E+3	-1.354000E+2	-3.153000E+2	1.581500E+3	-1.457000E+2	-3.257000E+2
1.597100E+3	-1.448000E+2	-3.248000E+2	1.581550E+3	-1.391000E+2	-3.190000E+2	1.581550E+3	-1.500000E+2	-3.300000E+2
1.597200E+3	-3.383000E+1	-2.138300E+2	1.581600E+3	-1.406000E+2	-3.205000E+2	1.581600E+3	-1.519000E+2	-3.319000E+2
1.597300E+3	-6.579000E+1	-2.457900E+2	1.581650E+3	-1.424000E+2	-3.223000E+2	1.581650E+3	-1.542000E+2	-3.342000E+2
1.597400E+3	-4.060000E+1	-2.206000E+2	1.581700E+3	-1.503000E+2	-3.302000E+2	1.581700E+3	-1.632000E+2	-3.432000E+2
1.597500E+3	-3.535000E+1	-2.153500E+2	1.581750E+3	-1.547000E+2	-3.346000E+2	1.581750E+3	-1.679000E+2	-3.479000E+2
1.597600E+3	-3.020000E+1	-2.102000E+2	1.581800E+3	-1.541000E+2	-3.340000E+2	1.581800E+3	-1.681000E+2	-3.481000E+2
1.597700E+3	-1.280000E+1	-1.928000E+2	1.581850E+3	-1.561000E+2	-3.360000E+2	1.581850E+3	-1.706000E+2	-3.506000E+2
1.597800E+3	-1.577000E+1	-1.957700E+2	1.581900E+3	-1.612000E+2	-3.411000E+2	1.581900E+3	-1.756000E+2	-3.556000E+2
1.597900E+3	-9.055000E+0	-1.890550E+2	1.581950E+3	-1.624000E+2	-3.423000E+2	1.581950E+3	-1.769000E+2	-3.569000E+2
1.598000E+3	-1.339000E+1	-1.933900E+2	1.582000E+3	-1.641000E+2	-3.440000E+2	1.582000E+3	-1.787000E+2	-3.587000E+2
1.598100E+3	-6.367000E+0	-1.863670E+2	1.582050E+3	-1.624000E+2	-3.423000E+2	1.582050E+3	-1.771000E+2	-3.571000E+2
1.598200E+3	-2.455000E+1	-2.045500E+2	1.582100E+3	-1.632000E+2	-3.431000E+2	1.582100E+3	-1.781000E+2	-3.581000E+2
1.598300E+3	-1.930000E+0	-1.819300E+2	1.582150E+3	-1.722000E+2	-3.521000E+2	1.582150E+3	1.726000E+2	-7.400000E+0
1.598400E+3	1.145000E+1	-1.685500E+2	1.582200E+3	-1.743000E+2	-3.542000E+2	1.582200E+3	1.702000E+2	-9.800000E+0
1.598500E+3	1.623000E+1	-1.637700E+2	1.582250E+3	-1.728000E+2	-3.527000E+2	1.582250E+3	1.712000E+2	-8.800000E+0
1.598600E+3	-1.507000E+1	-1.950700E+2	1.582300E+3	-1.796000E+2	-3.595000E+2	1.582300E+3	1.644000E+2	-1.560000E+1
1.598700E+3	-2.828000E+0	-1.828280E+2	1.582350E+3	1.799000E+2	0.000000E+0	1.582350E+3	1.638000E+2	-1.620000E+1
1.598800E+3	-3.655000E+1	-2.165500E+2	1.582400E+3	1.790000E+2	-9.000000E-1	1.582400E+3	1.628000E+2	-1.720000E+1
1.598900E+3	9.909000E+1	-8.091000E+1	1.582450E+3	-1.793000E+2	-3.592000E+2	1.582450E+3	1.642000E+2	-1.580000E+1
1.599000E+3	5.630000E+1	-1.237000E+2	1.582500E+3	-1.787000E+2	-3.586000E+2	1.582500E+3	1.644000E+2	-1.560000E+1
1.599100E+3	1.475000E+2	-3.250000E+1	1.582550E+3	1.720000E+2	-7.900000E+0	1.582550E+3	1.544000E+2	-2.560000E+1
1.599200E+3	2.208000E+1	-1.579200E+2	1.582600E+3	1.663000E+2	-1.360000E+1	1.582600E+3	1.486000E+2	-3.140000E+1
1.599300E+3	-6.075000E+1	-2.407500E+2	1.582650E+3	1.690000E+2	-1.090000E+1	1.582650E+3	1.509000E+2	-2.910000E+1
1.599400E+3	-7.427000E+1	-2.542700E+2	1.582700E+3	1.671000E+2	-1.280000E+1	1.582700E+3	1.486000E+2	-3.140000E+1
1.599500E+3	6.343000E+1	-1.165700E+2	1.582750E+3	1.665000E+2	-1.340000E+1	1.582750E+3	1.476000E+2	-3.240000E+1
1.599600E+3	-4.230000E+1	-2.223000E+2	1.582800E+3	1.649000E+2	-1.500000E+1	1.582800E+3	1.461000E+2	-3.390000E+1
1.599700E+3	-1.206000E+2	-3.006000E+2	1.582850E+3	1.670000E+2	-1.290000E+1	1.582850E+3	1.488000E+2	-3.120000E+1
1.599800E+3	-8.151000E+1	-2.615100E+2	1.582900E+3	1.682000E+2	-1.170000E+1	1.582900E+3	1.506000E+2	-2.940000E+1
1.599900E+3	-1.024000E+2	-2.824000E+2	1.582950E+3	1.658000E+2	-1.410000E+1	1.582950E+3	1.488000E+2	-3.120000E+1
1.600000E+3	-9.234000E+1	-2.723400E+2	1.583000E+3	1.458000E+2	-3.410000E+1	1.583000E+3	1.300000E+2	-5.000000E+1
			1.583050E+3	1.407000E+2	-3.920000E+1	1.583050E+3	1.262000E+2	-5.380000E+1
			1.583100E+3	1.397000E+2	-4.020000E+1	1.583100E+3	1.255000E+2	-5.450000E+1
			1.583150E+3	1.212000E+2	-5.870000E+1	1.583150E+3	1.073000E+2	-7.270000E+1
			1.583200E+3	1.125000E+2	-6.740000E+1	1.583200E+3	9.876000E+1	-8.124000E+1
			1.583250E+3	1.111000E+2	-6.880000E+1	1.583250E+3	9.753000E+1	-8.247000E+1
			1.583300E+3	1.053000E+2	-7.460000E+1	1.583300E+3	9.200000E+1	-8.800000E+1
			1.583350E+3	9.788000E+1	-8.202000E+1	1.583350E+3	8.613000E+1	-9.387000E+1
			1.583400E+3	9.182000E+1	-8.808000E+1	1.583400E+3	8.238000E+1	-9.762000E+1
			1.583450E+3	8.215000E+1	-9.775000E+1	1.583450E+3	7.491000E+1	-1.050900E+2
			1.583500E+3	8.002000E+1	-9.988000E+1	1.583500E+3	7.413000E+1	-1.058700E+2
			1.583550E+3	7.795000E+1	-1.019500E+2	1.583550E+3	7.364000E+1	-1.063600E+2
			1.583600E+3	6.931000E+1	-1.105900E+2	1.583600E+3	6.663000E+1	-1.133700E+2
			1.583650E+3	6.829000E+1	-1.116100E+2	1.583650E+3	6.695000E+1	-1.130500E+2
			1.583700E+3	7.286000E+1	-1.070400E+2	1.583700E+3	7.241000E+1	-1.075900E+2
			1.583750E+3	7.486000E+1	-1.050400E+2	1.583750E+3	7.513000E+1	-1.048700E+2
			1.583800E+3	7.084000E+1	-1.090600E+2	1.583800E+3	7.106000E+1	-1.089400E+2
			1.583850E+3	6.005000E+1	-1.198500E+2	1.583850E+3	6.022000E+1	-1.197800E+2
			1.583900E+3	5.868000E+1	-1.212200E+2	1.583900E+3	5.880000E+1	-1.212000E+2
			1.583950E+3	6.133000E+1	-1.185700E+2	1.583950E+3	6.160000E+1	-1.184000E+2
			1.584000E+3	4.972000E+1	-1.301800E+2	1.584000E+3	4.968000E+1	-1.303200E+2
			1.584050E+3	4.282000E+1	-1.370800E+2	1.584050E+3	4.359000E+1	-1.364100E+2
			1.584100E+3	4.645000E+1	-1.334500E+2	1.584100E+3	4.763000E+1	-1.323700E+2
			1.584150E+3	4.647000E+1	-1.334300E+2	1.584150E+3	4.777000E+1	-1.322300E+2
			1.584200E+3	4.452000E+1	-1.353800E+2	1.584200E+3	4.597000E+1	-1.340300E+2
			1.584250E+3	3.640000E+1	-1.435000E+2	1.584250E+3	3.821000E+1	-1.417900E+2
			1.584300E+3	2.677000E+1	-1.531300E+2	1.584300E+3	2.805000E+1	-1.519500E+2
			1.584350E+3	2.480000E+1	-1.551000E+2	1.584350E+3	2.582000E+1	-1.541800E+2
			1.584400E+3	1.659000E+1	-1.633100E+2	1.584400E+3	1.766000E+1	-1.623400E+2
			1.584450E+3	2.070000E+0	-1.778300E+2	1.584450E+3	2.984000E+0	-1.770160E+2
			1.584500E+3	-2.961000E+0	-1.828610E+2	1.584500E+3	-2.336000E+0	-1.823360E+2
			1.584550E+3	-1.719000E+0	-1.816190E+2	1.584550E+3	-1.195000E+0	-1.811950E+2
			1.584600E+3	-3.211000E+0	-1.831110E+2	1.584600E+3	-2.852000E+0	-1.828520E+2
			1.584650E+3	-1.594000E+0	-1.814940E+2	1.584650E+3	-1.227000E+0	-1.812270E+2
			1.584700E+3	1.016000E-1	-1.797984E+2	1.584700E+3	6.094000E-1	-1.793906E+2
			1.584750E+3	9.766000E-1	-1.789234E+2	1.584750E+3	1.789000E+0	-1.782110E+2
			1.584800E+3	-9.375000E-1	-1.808375E+2	1.584800E+3	4.375000E-1	-1.795625E+2
			1.584850E+3	-1.289000E+1	-1.927900E+2	1.584850E+3	-1.120000E+1	-1.912000E+2
			1.584900E+3	-1.397000E+1	-1.938700E+2	1.584900E+3	-1.252000E+1	-1.925200E+2
			1.584950E+3	-1.126000E+1	-1.911600E+2	1.584950E+3	-9.461000E+0	-1.894610E+2
			1.585000E+3	-1.411000E+1	-1.940100E+2	1.585000E+3	-1.231000E+1	-1.923100E+2
			1.585050E+3	-1.426000E+1	-1.941600E+2	1.585050E+3	-1.225000E+1	-1.922500E+2
			1.585100E+3	-2.033000E+1	-2.002300E+2	1.585100E+3	-1.827000E+1	-1.982700E+2
			1.585150E+3	-2.366000E+1	-2.035600E+2	1.585150E+3	-2.179000E+1	-2.017900E+2
			1.585200E+3	-2.728000E+1	-2.071800E+2	1.585200E+3	-2.555000E+1	-2.055500E+2
			1.585250E+3	-3.345000E+1	-2.133500E+2	1.585250E+3	-3.180000E+1	-2.118000E+2
			1.585300E+3	-4.552000E+1	-2.254200E+2	1.585300E+3	-4.398000E+1	-2.239800E+2
			1.585350E+3	-5.360000E+1	-2.335000E+2	1.585350E+3	-5.263000E+1	-2.326300E+2
			1.585400E+3	-5.534000E+1	-2.352400E+2	1.585400E+3	-5.424000E+1	-2.342400E+2
			1.585450E+3	-5.871000E+1	-2.386100E+2	1.585450E+3	-5.790000E+1	-2.379000E+2
			1.585500E+3	-5.883000E+1	-2.387300E+2	1.585500E+3	-5.857000E+1	-2.385700E+2
			1.585550E+3	-5.832000E+1	-2.382200E+2	1.585550E+3	-5.881000E+1	-2.388100E+2
			1.585600E+3	-5.673000E+1	-2.366300E+2	1.585600E+3	-5.824000E+1	-2.382400E+2
			1.585650E+3	-5.482000E+1	-2.347200E+2	1.585650E+3	-6.277000E+1	-2.427700E+2
			1.585700E+3	-6.215000E+1	-2.420500E+2	1.585700E+3	-7.084000E+1	-2.508400E+2
			1.585750E+3	-6.741000E+1	-2.473100E+2	1.585750E+3	-7.692000E+1	-2.569200E+2
			1.585800E+3	-6.712000E+1	-2.470200E+2	1.585800E+3	-7.741000E+1	-2.574100E+2
			1.585850E+3	-6.919000E+1	-2.490900E+2	1.585850E+3	-7.972000E+1	-2.597200E+2
			1.585900E+3	-7.222000E+1	-2.521200E+2	1.585900E+3	-8.284000E+1	-2.628400E+2
			1.585950E+3	-7.533000E+1	-2.552300E+2	1.585950E+3	-8.607000E+1	-2.660700E+2
			1.586000E+3	-7.602000E+1	-2.559200E+2	1.586000E+3	-8.724000E+1	-2.672400E+2
			1.586050E+3	-7.606000E+1	-2.559600E+2	1.586050E+3	-8.730000E+1	-2.673000E+2
			1.586100E+3	-7.923000E+1	-2.591300E+2	1.586100E+3	-9.034000E+1	-2.703400E+2
			1.586150E+3	-8.919000E+1	-2.690900E+2	1.586150E+3	-1.003000E+2	-2.803000E+2
			1.586200E+3	-9.070000E+1	-2.706000E+2	1.586200E+3	-1.015000E+2	-2.815000E+2
			1.586250E+3	-9.208000E+1	-2.719800E+2	1.586250E+3	-1.019000E+2	-2.819000E+2
			1.586300E+3	-9.797000E+1	-2.778700E+2	1.586300E+3	-1.069000E+2	-2.869000E+2
			1.586350E+3	-1.009000E+2	-2.808000E+2	1.586350E+3	-1.089000E+2	-2.889000E+2
			1.586400E+3	-1.017000E+2	-2.816000E+2	1.586400E+3	-1.090000E+2	-2.890000E+2
			1.586450E+3	-1.042000E+2	-2.841000E+2	1.586450E+3	-1.108000E+2	-2.908000E+2
			1.586500E+3	-1.055000E+2	-2.854000E+2	1.586500E+3	-1.118000E+2	-2.918000E+2
			1.586550E+3	-1.058000E+2	-2.857000E+2	1.586550E+3	-1.115000E+2	-2.915000E+2
			1.586600E+3	-1.112000E+2	-2.911000E+2	1.586600E+3	-1.163000E+2	-2.963000E+2
			1.586650E+3	-1.140000E+2	-2.939000E+2	1.586650E+3	-1.189000E+2	-2.989000E+2
			1.586700E+3	-1.125000E+2	-2.924000E+2	1.586700E+3	-1.172000E+2	-2.972000E+2
			1.586750E+3	-1.156000E+2	-2.955000E+2	1.586750E+3	-1.204000E+2	-3.004000E+2
			1.586800E+3	-1.211000E+2	-3.010000E+2	1.586800E+3	-1.258000E+2	-3.058000E+2
			1.586850E+3	-1.182000E+2	-2.981000E+2	1.586850E+3	-1.232000E+2	-3.032000E+2
			1.586900E+3	-1.165000E+2	-2.964000E+2	1.586900E+3	-1.220000E+2	-3.020000E+2
			1.586950E+3	-1.141000E+2	-2.940000E+2	1.586950E+3	-1.199000E+2	-2.999000E+2
			1.587000E+3	-1.127000E+2	-2.926000E+2	1.587000E+3	-1.188000E+2	-2.988000E+2
			1.587050E+3	-1.219000E+2	-3.018000E+2	1.587050E+3	-1.284000E+2	-3.084000E+2
			1.587100E+3	-1.273000E+2	-3.072000E+2	1.587100E+3	-1.344000E+2	-3.144000E+2
			1.587150E+3	-1.313000E+2	-3.112000E+2	1.587150E+3	-1.380000E+2	-3.180000E+2
			1.587200E+3	-1.475000E+2	-3.274000E+2	1.587200E+3	-1.544000E+2	-3.344000E+2
			1.587250E+3	-1.620000E+2	-3.419000E+2	1.587250E+3	-1.694000E+2	-3.494000E+2
			1.587300E+3	-1.625000E+2	-3.424000E+2	1.587300E+3	-1.700000E+2	-3.500000E+2
			1.587350E+3	-1.634000E+2	-3.433000E+2	1.587350E+3	-1.707000E+2	-3.507000E+2
			1.587400E+3	-1.702000E+2	-3.501000E+2	1.587400E+3	-1.773000E+2	-3.573000E+2
			1.587450E+3	-1.668000E+2	-3.467000E+2	1.587450E+3	-1.739000E+2	-3.539000E+2
			1.587500E+3	-1.585000E+2	-3.384000E+2	1.587500E+3	-1.654000E+2	-3.454000E+2
			1.587550E+3	-1.520000E+2	-3.319000E+2	1.587550E+3	-1.584000E+2	-3.384000E+2
			1.587600E+3	-1.545000E+2	-3.344000E+2	1.587600E+3	-1.605000E+2	-3.405000E+2
			1.587650E+3	-1.745000E+2	-3.544000E+2	1.587650E+3	1.797000E+2	-3.000000E-1
			1.587700E+3	1.780000E+2	-1.900000E+0	1.587700E+3	1.723000E+2	-7.700000E+0
			1.587750E+3	1.769000E+2	-3.000000E+0	1.587750E+3	1.717000E+2	-8.300000E+0
			1.587800E+3	1.640000E+2	-1.590000E+1	1.587800E+3	1.593000E+2	-2.070000E+1
			1.587850E+3	1.451000E+2	-3.480000E+1	1.587850E+3	1.407000E+2	-3.930000E+1
			1.587900E+3	1.419000E+2	-3.800000E+1	1.587900E+3	1.376000E+2	-4.240000E+1
			1.587950E+3	1.420000E+2	-3.790000E+1	1.587950E+3	1.380000E+2	-4.200000E+1
			1.588000E+3	1.361000E+2	-4.380000E+1	1.588000E+3	1.325000E+2	-4.750000E+1
			1.588050E+3	1.295000E+2	-5.040000E+1	1.588050E+3	1.263000E+2	-5.370000E+1
			1.588100E+3	1.248000E+2	-5.510000E+1	1.588100E+3	1.219000E+2	-5.810000E+1
			1.588150E+3	1.233000E+2	-5.660000E+1	1.588150E+3	1.201000E+2	-5.990000E+1
			1.588200E+3	1.270000E+2	-5.290000E+1	1.588200E+3	1.240000E+2	-5.600000E+1
			1.588250E+3	1.245000E+2	-5.540000E+1	1.588250E+3	1.214000E+2	-5.860000E+1
			1.588300E+3	1.283000E+2	-5.160000E+1	1.588300E+3	1.247000E+2	-5.530000E+1
			1.588350E+3	1.318000E+2	-4.810000E+1	1.588350E+3	1.282000E+2	-5.180000E+1
			1.588400E+3	1.308000E+2	-4.910000E+1	1.588400E+3	1.274000E+2	-5.260000E+1
			1.588450E+3	1.270000E+2	-5.290000E+1	1.588450E+3	1.239000E+2	-5.610000E+1
			1.588500E+3	1.126000E+2	-6.730000E+1	1.588500E+3	1.093000E+2	-7.070000E+1
			1.588550E+3	9.809000E+1	-8.181000E+1	1.588550E+3	9.496000E+1	-8.504000E+1
			1.588600E+3	9.296000E+1	-8.694000E+1	1.588600E+3	9.040000E+1	-8.960000E+1
			1.588650E+3	8.656000E+1	-9.334000E+1	1.588650E+3	8.418000E+1	-9.582000E+1
			1.588700E+3	8.167000E+1	-9.823000E+1	1.588700E+3	7.921000E+1	-1.007900E+2
			1.588750E+3	9.231000E+1	-8.759000E+1	1.588750E+3	8.981000E+1	-9.019000E+1
			1.588800E+3	1.051000E+2	-7.480000E+1	1.588800E+3	1.029000E+2	-7.710000E+1
			1.588850E+3	1.150000E+2	-6.490000E+1	1.588850E+3	1.130000E+2	-6.700000E+1
			1.588900E+3	1.029000E+2	-7.700000E+1	1.588900E+3	1.016000E+2	-7.840000E+1
			1.588950E+3	8.355000E+1	-9.635000E+1	1.588950E+3	8.202000E+1	-9.798000E+1
			1.589000E+3	7.395000E+1	-1.059500E+2	1.589000E+3	7.256000E+1	-1.074400E+2
			1.589050E+3	6.769000E+1	-1.122100E+2	1.589050E+3	6.654000E+1	-1.134600E+2
			1.589100E+3	4.200000E+1	-1.379000E+2	1.589100E+3	4.132000E+1	-1.386800E+2
			1.589150E+3	2.829000E+1	-1.516100E+2	1.589150E+3	2.735000E+1	-1.526500E+2
			1.589200E+3	2.123000E+1	-1.586700E+2	1.589200E+3	1.991000E+1	-1.600900E+2
			1.589250E+3	2.400000E+1	-1.559000E+2	1.589250E+3	2.277000E+1	-1.572300E+2
			1.589300E+3	2.341000E+1	-1.564900E+2	1.589300E+3	2.227000E+1	-1.577300E+2
			1.589350E+3	4.152000E+1	-1.383800E+2	1.589350E+3	4.018000E+1	-1.398200E+2
			1.589400E+3	4.537000E+1	-1.345300E+2	1.589400E+3	4.447000E+1	-1.355300E+2
			1.589450E+3	4.525000E+1	-1.346500E+2	1.589450E+3	4.440000E+1	-1.356000E+2
			1.589500E+3	3.441000E+1	-1.454900E+2	1.589500E+3	3.409000E+1	-1.459100E+2
			1.589550E+3	1.305000E+1	-1.668500E+2	1.589550E+3	1.273000E+1	-1.672700E+2
			1.589600E+3	1.516000E+0	-1.783840E+2	1.589600E+3	1.008000E+0	-1.789920E+2
			1.589650E+3	1.164000E+0	-1.787360E+2	1.589650E+3	4.688000E-1	-1.795312E+2
			1.589700E+3	-2.469000E+0	-1.823690E+2	1.589700E+3	-2.922000E+0	-1.829220E+2
			1.589750E+3	-2.750000E+0	-1.826500E+2	1.589750E+3	-3.539000E+0	-1.835390E+2
			1.589800E+3	4.672000E+0	-1.752280E+2	1.589800E+3	4.000000E+0	-1.760000E+2
			1.589850E+3	7.695000E+0	-1.722050E+2	1.589850E+3	7.117000E+0	-1.728830E+2
			1.589900E+3	1.306000E+1	-1.668400E+2	1.589900E+3	1.273000E+1	-1.672700E+2
			1.589950E+3	3.305000E+0	-1.765950E+2	1.589950E+3	3.422000E+0	-1.765780E+2
			1.590000E+3	-1.829000E+1	-1.981900E+2	1.590000E+3	-1.834000E+1	-1.983400E+2
			1.590050E+3	-2.004000E+1	-1.999400E+2	1.590050E+3	-2.014000E+1	-2.001400E+2
			1.590100E+3	-2.046000E+1	-2.003600E+2	1.590100E+3	-2.009000E+1	-2.000900E+2
			1.590150E+3	-2.227000E+1	-2.021700E+2	1.590150E+3	-2.191000E+1	-2.019100E+2
			1.590200E+3	-2.434000E+1	-2.042400E+2	1.590200E+3	-2.434000E+1	-2.043400E+2
			1.590250E+3	-1.743000E+1	-1.973300E+2	1.590250E+3	-1.723000E+1	-1.972300E+2
			1.590300E+3	-1.389000E+1	-1.937900E+2	1.590300E+3	-1.360000E+1	-1.936000E+2
			1.590350E+3	-1.103000E+1	-1.909300E+2	1.590350E+3	-1.045000E+1	-1.904500E+2
			1.590400E+3	-2.359000E+1	-2.034900E+2	1.590400E+3	-2.296000E+1	-2.029600E+2
			1.590450E+3	-3.326000E+1	-2.131600E+2	1.590450E+3	-3.285000E+1	-2.128500E+2
			1.590500E+3	-3.149000E+1	-2.113900E+2	1.590500E+3	-3.124000E+1	-2.112400E+2
			1.590550E+3	-2.763000E+1	-2.075300E+2	1.590550E+3	-2.746000E+1	-2.074600E+2
			1.590600E+3	-2.118000E+1	-2.010800E+2	1.590600E+3	-2.106000E+1	-2.010600E+2
			1.590650E+3	-2.036000E+1	-2.002600E+2	1.590650E+3	-2.021000E+1	-2.002100E+2
			1.590700E+3	-2.727000E+1	-2.071700E+2	1.590700E+3	-2.715000E+1	-2.071500E+2
			1.590750E+3	-2.644000E+1	-2.063400E+2	1.590750E+3	-2.627000E+1	-2.062700E+2
			1.590800E+3	-3.039000E+1	-2.102900E+2	1.590800E+3	-3.020000E+1	-2.102000E+2
			1.590850E+3	-4.998000E+1	-2.298800E+2	1.590850E+3	-5.000000E+1	-2.300000E+2
			1.590900E+3	-6.635000E+1	-2.462500E+2	1.590900E+3	-6.630000E+1	-2.463000E+2
			1.590950E+3	-6.543000E+1	-2.453300E+2	1.590950E+3	-6.557000E+1	-2.455700E+2
			1.591000E+3	-7.223000E+1	-2.521300E+2	1.591000E+3	-7.215000E+1	-2.521500E+2
			1.591050E+3	-7.245000E+1	-2.523500E+2	1.591050E+3	-7.248000E+1	-2.524800E+2
			1.591100E+3	-6.698000E+1	-2.468800E+2	1.591100E+3	-6.697000E+1	-2.469700E+2
			1.591150E+3	-6.060000E+1	-2.405000E+2	1.591150E+3	-6.062000E+1	-2.406200E+2
			1.591200E+3	-5.964000E+1	-2.395400E+2	1.591200E+3	-5.995000E+1	-2.399500E+2
			1.591250E+3	-7.558000E+1	-2.554800E+2	1.591250E+3	-7.570000E+1	-2.557000E+2
			1.591300E+3	-8.090000E+1	-2.608000E+2	1.591300E+3	-8.115000E+1	-2.611500E+2
			1.591350E+3	-8.084000E+1	-2.607400E+2	1.591350E+3	-8.114000E+1	-2.611400E+2
			1.591400E+3	-8.690000E+1	-2.668000E+2	1.591400E+3	-8.720000E+1	-2.672000E+2
			1.591450E+3	-8.960000E+1	-2.695000E+2	1.591450E+3	-8.999000E+1	-2.699900E+2
			1.591500E+3	-8.928000E+1	-2.691800E+2	1.591500E+3	-8.974000E+1	-2.697400E+2
			1.591550E+3	-8.950000E+1	-2.694000E+2	1.591550E+3	-9.001000E+1	-2.700100E+2
			1.591600E+3	-8.488000E+1	-2.647800E+2	1.591600E+3	-8.555000E+1	-2.655500E+2
			1.591650E+3	-8.309000E+1	-2.629900E+2	1.591650E+3	-8.373000E+1	-2.637300E+2
			1.591700E+3	-8.727000E+1	-2.671700E+2	1.591700E+3	-8.802000E+1	-2.680200E+2
			1.591750E+3	-8.537000E+1	-2.652700E+2	1.591750E+3	-8.596000E+1	-2.659600E+2
			1.591800E+3	-8.431000E+1	-2.642100E+2	1.591800E+3	-8.521000E+1	-2.652100E+2
			1.591850E+3	-8.195000E+1	-2.618500E+2	1.591850E+3	-8.275000E+1	-2.627500E+2
			1.591900E+3	-8.868000E+1	-2.685800E+2	1.591900E+3	-8.941000E+1	-2.694100E+2
			1.591950E+3	-9.348000E+1	-2.733800E+2	1.591950E+3	-9.440000E+1	-2.744000E+2
			1.592000E+3	-9.940000E+1	-2.793000E+2	1.592000E+3	-1.000000E+2	-2.800000E+2
			1.592050E+3	-9.626000E+1	-2.761600E+2	1.592050E+3	-9.718000E+1	-2.771800E+2
			1.592100E+3	-1.020000E+2	-2.819000E+2	1.592100E+3	-1.028000E+2	-2.828000E+2
			1.592150E+3	-1.038000E+2	-2.837000E+2	1.592150E+3	-1.046000E+2	-2.846000E+2
			1.592200E+3	-1.076000E+2	-2.875000E+2	1.592200E+3	-1.085000E+2	-2.885000E+2
			1.592250E+3	-1.071000E+2	-2.870000E+2	1.592250E+3	-1.079000E+2	-2.879000E+2
			1.592300E+3	-1.060000E+2	-2.859000E+2	1.592300E+3	-1.068000E+2	-2.868000E+2
			1.592350E+3	-1.214000E+2	-3.013000E+2	1.592350E+3	-1.223000E+2	-3.023000E+2
			1.592400E+3	-1.411000E+2	-3.210000E+2	1.592400E+3	-1.419000E+2	-3.219000E+2
			1.592450E+3	-1.433000E+2	-3.232000E+2	1.592450E+3	-1.442000E+2	-3.242000E+2
			1.592500E+3	-1.403000E+2	-3.202000E+2	1.592500E+3	-1.416000E+2	-3.216000E+2
			1.592550E+3	-1.554000E+2	-3.353000E+2	1.592550E+3	-1.567000E+2	-3.367000E+2
			1.592600E+3	-1.655000E+2	-3.454000E+2	1.592600E+3	-1.673000E+2	-3.473000E+2
			1.592650E+3	-1.506000E+2	-3.305000E+2	1.592650E+3	-1.527000E+2	-3.327000E+2
			1.592700E+3	-1.382000E+2	-3.181000E+2	1.592700E+3	-1.405000E+2	-3.205000E+2
			1.592750E+3	-1.285000E+2	-3.084000E+2	1.592750E+3	-1.311000E+2	-3.111000E+2
			1.592800E+3	-1.436000E+2	-3.235000E+2	1.592800E+3	-1.462000E+2	-3.262000E+2
			1.592850E+3	-1.550000E+2	-3.349000E+2	1.592850E+3	-1.575000E+2	-3.375000E+2
			1.592900E+3	-1.527000E+2	-3.326000E+2	1.592900E+3	-1.550000E+2	-3.350000E+2
			1.592950E+3	-1.667000E+2	-3.466000E+2	1.592950E+3	-1.689000E+2	-3.489000E+2
			1.593000E+3	1.748000E+2	-5.100000E+0	1.593000E+3	1.728000E+2	-7.200000E+0
			1.593050E+3	-1.791000E+2	-3.590000E+2	1.593050E+3	1.791000E+2	-9.000000E-1
			1.593100E+3	-1.634000E+2	-3.433000E+2	1.593100E+3	-1.650000E+2	-3.450000E+2
			1.593150E+3	-1.549000E+2	-3.348000E+2	1.593150E+3	-1.565000E+2	-3.365000E+2
			1.593200E+3	-1.622000E+2	-3.421000E+2	1.593200E+3	-1.635000E+2	-3.435000E+2
			1.593250E+3	-1.737000E+2	-3.536000E+2	1.593250E+3	-1.747000E+2	-3.547000E+2
			1.593300E+3	-1.756000E+2	-3.555000E+2	1.593300E+3	-1.765000E+2	-3.565000E+2
			1.593350E+3	1.797000E+2	-2.000000E-1	1.593350E+3	1.789000E+2	-1.100000E+0
			1.593400E+3	1.628000E+2	-1.710000E+1	1.593400E+3	1.620000E+2	-1.800000E+1
			1.593450E+3	1.424000E+2	-3.750000E+1	1.593450E+3	1.415000E+2	-3.850000E+1
			1.593500E+3	1.367000E+2	-4.320000E+1	1.593500E+3	1.360000E+2	-4.400000E+1
			1.593550E+3	1.333000E+2	-4.660000E+1	1.593550E+3	1.327000E+2	-4.730000E+1
			1.593600E+3	1.354000E+2	-4.450000E+1	1.593600E+3	1.346000E+2	-4.540000E+1
			1.593650E+3	1.342000E+2	-4.570000E+1	1.593650E+3	1.338000E+2	-4.620000E+1
			1.593700E+3	1.303000E+2	-4.960000E+1	1.593700E+3	1.310000E+2	-4.900000E+1
			1.593750E+3	1.418000E+2	-3.810000E+1	1.593750E+3	1.430000E+2	-3.700000E+1
			1.593800E+3	1.400000E+2	-3.990000E+1	1.593800E+3	1.422000E+2	-3.780000E+1
			1.593850E+3	1.210000E+2	-5.890000E+1	1.593850E+3	1.236000E+2	-5.640000E+1
			1.593900E+3	1.155000E+2	-6.440000E+1	1.593900E+3	1.187000E+2	-6.130000E+1
			1.593950E+3	1.218000E+2	-5.810000E+1	1.593950E+3	1.254000E+2	-5.460000E+1
			1.594000E+3	1.202000E+2	-5.970000E+1	1.594000E+3	1.243000E+2	-5.570000E+1
			1.594050E+3	1.244000E+2	-5.550000E+1	1.594050E+3	1.286000E+2	-5.140000E+1
			1.594100E+3	1.214000E+2	-5.850000E+1	1.594100E+3	1.259000E+2	-5.410000E+1
			1.594150E+3	1.243000E+2	-5.560000E+1	1.594150E+3	1.289000E+2	-5.110000E+1
			1.594200E+3	1.292000E+2	-5.070000E+1	1.594200E+3	1.344000E+2	-4.560000E+1
			1.594250E+3	1.253000E+2	-5.460000E+1	1.594250E+3	1.311000E+2	-4.890000E+1
			1.594300E+3	1.238000E+2	-5.610000E+1	1.594300E+3	1.301000E+2	-4.990000E+1
			1.594350E+3	1.284000E+2	-5.150000E+1	1.594350E+3	1.355000E+2	-4.450000E+1
			1.594400E+3	1.313000E+2	-4.860000E+1	1.594400E+3	1.388000E+2	-4.120000E+1
			1.594450E+3	1.417000E+2	-3.820000E+1	1.594450E+3	1.494000E+2	-3.060000E+1
			1.594500E+3	1.245000E+2	-5.540000E+1	1.594500E+3	1.322000E+2	-4.780000E+1
			1.594550E+3	1.075000E+2	-7.240000E+1	1.594550E+3	1.150000E+2	-6.500000E+1
			1.594600E+3	1.109000E+2	-6.900000E+1	1.594600E+3	1.177000E+2	-6.230000E+1
			1.594650E+3	1.036000E+2	-7.630000E+1	1.594650E+3	1.102000E+2	-6.980000E+1
			1.594700E+3	8.444000E+1	-9.546000E+1	1.594700E+3	9.078000E+1	-8.922000E+1
			1.594750E+3	8.613000E+1	-9.377000E+1	1.594750E+3	9.231000E+1	-8.769000E+1
			1.594800E+3	9.251000E+1	-8.739000E+1	1.594800E+3	9.866000E+1	-8.134000E+1
			1.594850E+3	1.006000E+2	-7.930000E+1	1.594850E+3	1.065000E+2	-7.350000E+1
			1.594900E+3	1.073000E+2	-7.260000E+1	1.594900E+3	1.136000E+2	-6.640000E+1
			1.594950E+3	8.961000E+1	-9.029000E+1	1.594950E+3	9.592000E+1	-8.408000E+1
			1.595000E+3	9.409000E+1	-8.581000E+1	1.595000E+3	1.002000E+2	-7.980000E+1
			1.595050E+3	9.544000E+1	-8.446000E+1	1.595050E+3	1.023000E+2	-7.770000E+1
			1.595100E+3	7.814000E+1	-1.017600E+2	1.595100E+3	8.522000E+1	-9.478000E+1
			1.595150E+3	7.630000E+1	-1.036000E+2	1.595150E+3	8.316000E+1	-9.684000E+1
			1.595200E+3	8.489000E+1	-9.501000E+1	1.595200E+3	9.145000E+1	-8.855000E+1
			1.595250E+3	9.434000E+1	-8.556000E+1	1.595250E+3	1.010000E+2	-7.900000E+1
			1.595300E+3	9.574000E+1	-8.416000E+1	1.595300E+3	1.021000E+2	-7.790000E+1
			1.595350E+3	8.988000E+1	-9.002000E+1	1.595350E+3	9.613000E+1	-8.387000E+1
			1.595400E+3	7.818000E+1	-1.017200E+2	1.595400E+3	8.367000E+1	-9.633000E+1
			1.595450E+3	7.656000E+1	-1.033400E+2	1.595450E+3	8.135000E+1	-9.865000E+1
			1.595500E+3	6.557000E+1	-1.143300E+2	1.595500E+3	7.038000E+1	-1.096200E+2
			1.595550E+3	4.923000E+1	-1.306700E+2	1.595550E+3	5.357000E+1	-1.264300E+2
			1.595600E+3	4.259000E+1	-1.373100E+2	1.595600E+3	4.652000E+1	-1.334800E+2
			1.595650E+3	4.133000E+1	-1.385700E+2	1.595650E+3	4.489000E+1	-1.351100E+2
			1.595700E+3	3.711000E+1	-1.427900E+2	1.595700E+3	4.062000E+1	-1.393800E+2
			1.595750E+3	2.904000E+1	-1.508600E+2	1.595750E+3	3.264000E+1	-1.473600E+2
			1.595800E+3	4.116000E+1	-1.387400E+2	1.595800E+3	4.459000E+1	-1.354100E+2
			1.595850E+3	5.234000E+1	-1.275600E+2	1.595850E+3	5.619000E+1	-1.238100E+2
			1.595900E+3	4.923000E+1	-1.306700E+2	1.595900E+3	5.316000E+1	-1.268400E+2
			1.595950E+3	6.031000E+1	-1.195900E+2	1.595950E+3	6.404000E+1	-1.159600E+2
			1.596000E+3	6.686000E+1	-1.130400E+2	1.596000E+3	7.149000E+1	-1.085100E+2
			1.596050E+3	4.204000E+1	-1.378600E+2	1.596050E+3	4.705000E+1	-1.329500E+2
			1.596100E+3	3.985000E+1	-1.400500E+2	1.596100E+3	4.431000E+1	-1.356900E+2
			1.596150E+3	4.463000E+1	-1.352700E+2	1.596150E+3	5.110000E+1	-1.289000E+2
			1.596200E+3	2.102000E+1	-1.588800E+2	1.596200E+3	4.159000E+1	-1.384100E+2
			1.596250E+3	4.609000E+0	-1.752910E+2	1.596250E+3	1.908000E+1	-1.609200E+2
			1.596300E+3	1.302000E+1	-1.668800E+2	1.596300E+3	1.005000E+1	-1.699500E+2
			1.596350E+3	1.669000E+1	-1.632100E+2	1.596350E+3	2.430000E+1	-1.557000E+2
			1.596400E+3	1.711000E+0	-1.781890E+2	1.596400E+3	1.463000E+1	-1.653700E+2
			1.596450E+3	1.620000E+1	-1.637000E+2	1.596450E+3	1.190000E+1	-1.681000E+2
			1.596500E+3	2.627000E+1	-1.536300E+2	1.596500E+3	3.227000E+1	-1.477300E+2
			1.596550E+3	3.307000E+1	-1.468300E+2	1.596550E+3	3.967000E+1	-1.403300E+2
			1.596600E+3	4.020000E+1	-1.397000E+2	1.596600E+3	4.672000E+1	-1.332800E+2
			1.596650E+3	5.097000E+1	-1.289300E+2	1.596650E+3	5.792000E+1	-1.220800E+2
			1.596700E+3	4.880000E+1	-1.311000E+2	1.596700E+3	5.691000E+1	-1.230900E+2
			1.596750E+3	3.945000E+1	-1.404500E+2	1.596750E+3	4.776000E+1	-1.322400E+2
			1.596800E+3	4.462000E+1	-1.352800E+2	1.596800E+3	5.294000E+1	-1.270600E+2
			1.596850E+3	4.376000E+1	-1.361400E+2	1.596850E+3	4.309000E+1	-1.369100E+2
			1.596900E+3	1.791000E+2	-8.000000E-1	1.596900E+3	1.709000E+2	-9.100000E+0
			1.596950E+3	-1.380000E+1	-1.937000E+2	1.596950E+3	1.251000E+2	-5.490000E+1
			1.597000E+3	-4.764000E+1	-2.275400E+2	1.597000E+3	-3.928000E+1	-2.192800E+2
			1.597050E+3	4.836000E+1	-1.315400E+2	1.597050E+3	0.000000E+0	-1.800000E+2
			1.597100E+3	-7.157000E+1	-2.514700E+2	1.597100E+3	4.499000E+1	-1.350100E+2
			1.597150E+3	-1.019000E+2	-2.818000E+2	1.597150E+3	-7.597000E+1	-2.559700E+2
			1.597200E+3	-3.961000E+1	-2.195100E+2	1.597200E+3	-3.727000E+1	-2.172700E+2
			1.597250E+3	-5.328000E+1	-2.331800E+2	1.597250E+3	-5.009000E+1	-2.300900E+2
			1.597300E+3	-7.127000E+1	-2.511700E+2	1.597300E+3	-6.812000E+1	-2.481200E+2
			1.597350E+3	-5.742000E+1	-2.373200E+2	1.597350E+3	-5.502000E+1	-2.350200E+2
			1.597400E+3	-4.561000E+1	-2.255100E+2	1.597400E+3	-4.352000E+1	-2.235200E+2
			1.597450E+3	-3.623000E+1	-2.161300E+2	1.597450E+3	-3.553000E+1	-2.155300E+2
			1.597500E+3	-3.754000E+1	-2.174400E+2	1.597500E+3	-3.463000E+1	-2.146300E+2
			1.597550E+3	-4.022000E+1	-2.201200E+2	1.597550E+3	-4.381000E+1	-2.238100E+2
			1.597600E+3	-2.985000E+1	-2.097500E+2	1.597600E+3	-3.522000E+1	-2.152200E+2
			1.597650E+3	-2.046000E+1	-2.003600E+2	1.597650E+3	-2.716000E+1	-2.071600E+2
			1.597700E+3	-1.012000E+1	-1.900200E+2	1.597700E+3	-1.808000E+1	-1.980800E+2
			1.597750E+3	-1.237000E+1	-1.922700E+2	1.597750E+3	-2.044000E+1	-2.004400E+2
			1.597800E+3	-1.366000E+1	-1.935600E+2	1.597800E+3	-2.247000E+1	-2.024700E+2
			1.597850E+3	-4.531000E+0	-1.844310E+2	1.597850E+3	-1.371000E+1	-1.937100E+2
			1.597900E+3	-8.391000E+0	-1.882910E+2	1.597900E+3	-1.695000E+1	-1.969500E+2
			1.597950E+3	-1.673000E+1	-1.966300E+2	1.597950E+3	-2.517000E+1	-2.051700E+2
			1.598000E+3	-1.397000E+1	-1.938700E+2	1.598000E+3	-2.109000E+1	-2.010900E+2
			1.598050E+3	-1.168000E+1	-1.915800E+2	1.598050E+3	-1.730000E+1	-1.973000E+2
			1.598100E+3	-8.555000E+0	-1.884550E+2	1.598100E+3	-1.225000E+1	-1.922500E+2
			1.598150E+3	-2.074000E+1	-2.006400E+2	1.598150E+3	-2.205000E+1	-2.020500E+2
			1.598200E+3	-2.898000E+1	-2.088800E+2	1.598200E+3	-2.895000E+1	-2.089500E+2
			1.598250E+3	-2.041000E+1	-2.003100E+2	1.598250E+3	-1.950000E+1	-1.995000E+2
			1.598300E+3	-8.711000E+0	-1.886110E+2	1.598300E+3	-6.313000E+0	-1.863130E+2
			1.598350E+3	5.156000E-1	-1.793844E+2	1.598350E+3	4.523000E+0	-1.754770E+2
			1.598400E+3	2.555000E+0	-1.773450E+2	1.598400E+3	8.117000E+0	-1.718830E+2
			1.598450E+3	-7.063000E+0	-1.869630E+2	1.598450E+3	-5.859000E-1	-1.805859E+2
			1.598500E+3	4.906000E+0	-1.749940E+2	1.598500E+3	1.208000E+1	-1.679200E+2
			1.598550E+3	-3.289000E+0	-1.831890E+2	1.598550E+3	2.195000E+0	-1.778050E+2
			1.598600E+3	-2.975000E+1	-2.096500E+2	1.598600E+3	-6.871000E+1	-2.487100E+2
			1.598650E+3	-2.970000E+1	-2.096000E+2	1.598650E+3	-2.102000E+1	-2.010200E+2
			1.598700E+3	-1.744000E+1	-1.973400E+2	1.598700E+3	-8.711000E+0	-1.887110E+2
			1.598750E+3	-6.750000E+0	-1.866500E+2	1.598750E+3	2.133000E+0	-1.778670E+2
			1.598800E+3	-3.310000E+1	-2.130000E+2	1.598800E+3	8.559000E+1	-9.441000E+1
			1.598850E+3	5.978000E+1	-1.201200E+2	1.598850E+3	8.120000E+1	-9.880000E+1
			1.598900E+3	-4.964000E+1	-2.295400E+2	1.598900E+3	-1.030000E+2	-2.830000E+2
			1.598950E+3	2.655000E+1	-1.533500E+2	1.598950E+3	1.229000E+1	-1.677100E+2
			1.599000E+3	-1.156000E+2	-2.955000E+2	1.599000E+3	1.117000E+2	-6.830000E+1
			1.599050E+3	8.053000E+1	-9.937000E+1	1.599050E+3	1.788000E+2	-1.200000E+0
			1.599100E+3	-2.104000E+1	-2.009400E+2	1.599100E+3	-6.906000E+1	-2.490600E+2
			1.599150E+3	-6.945000E+0	-1.868450E+2	1.599150E+3	-1.573000E+2	-3.373000E+2
			1.599200E+3	-1.633000E+2	-3.432000E+2	1.599200E+3	-9.140000E+1	-2.714000E+2
			1.599250E+3	-1.098000E+2	-2.897000E+2	1.599250E+3	-1.048000E+2	-2.848000E+2
			1.599300E+3	-7.795000E+1	-2.578500E+2	1.599300E+3	-7.281000E+1	-2.528100E+2
			1.599350E+3	-6.333000E+1	-2.432300E+2	1.599350E+3	-5.809000E+1	-2.380900E+2
			1.599400E+3	-1.022000E+2	-2.821000E+2	1.599400E+3	-8.020000E+1	-2.602000E+2
			1.599450E+3	1.616000E+2	-1.830000E+1	1.599450E+3	-1.040000E+2	-2.840000E+2
			1.599500E+3	1.028000E+2	-7.710000E+1	1.599500E+3	-1.518000E+2	-3.318000E+2
			1.599550E+3	-1.534000E+2	-3.333000E+2	1.599550E+3	-1.350000E+2	-3.150000E+2
			1.599600E+3	1.358000E+2	-4.410000E+1	1.599600E+3	-5.313000E+1	-2.331300E+2
			1.599650E+3	1.607000E+2	-1.920000E+1	1.599650E+3	1.724000E+2	-7.600000E+0
			1.599700E+3	-1.388000E+2	-3.187000E+2	1.599700E+3	-1.330000E+2	-3.130000E+2
			1.599750E+3	-1.188000E+2	-2.987000E+2	1.599750E+3	-1.117000E+2	-2.917000E+2
			1.599800E+3	-9.986000E+1	-2.797600E+2	1.599800E+3	-9.159000E+1	-2.715900E+2
			1.599850E+3	-1.018000E+2	-2.817000E+2	1.599850E+3	-9.215000E+1	-2.721500E+2
			1.599900E+3	-1.208000E+2	-3.007000E+2	1.599900E+3	-1.102000E+2	-2.902000E+2
			1.599950E+3	-1.176000E+2	-2.975000E+2	1.599950E+3	-1.061000E+2	-2.861000E+2
			1.600000E+3	-1.127000E+2	-2.926000E+2	1.600000E+3	-9.979000E+1	-2.797900E+2
