#radius =15.000; K=0.053; R=0.0010; alfa=0.0003
1.4030000000 0.9898436727
1.4030010000 0.9898156627
1.4030020000 0.9897875313
1.4030030000 0.9897592779
1.4030040000 0.9897309018
1.4030050000 0.9897024021
1.4030060000 0.9896737782
1.4030070000 0.9896450295
1.4030080000 0.9896161551
1.4030090000 0.9895871543
1.4030100000 0.9895580264
1.4030110000 0.9895287707
1.4030120000 0.9894993863
1.4030130000 0.9894698727
1.4030140000 0.9894402289
1.4030150000 0.9894104543
1.4030160000 0.9893805480
1.4030170000 0.9893505094
1.4030180000 0.9893203375
1.4030190000 0.9892900317
1.4030200000 0.9892595912
1.4030210000 0.9892290150
1.4030220000 0.9891983025
1.4030230000 0.9891674529
1.4030240000 0.9891364653
1.4030250000 0.9891053388
1.4030260000 0.9890740728
1.4030270000 0.9890426662
1.4030280000 0.9890111184
1.4030290000 0.9889794284
1.4030300000 0.9889475955
1.4030310000 0.9889156186
1.4030320000 0.9888834971
1.4030330000 0.9888512299
1.4030340000 0.9888188163
1.4030350000 0.9887862554
1.4030360000 0.9887535461
1.4030370000 0.9887206878
1.4030380000 0.9886876794
1.4030390000 0.9886545200
1.4030400000 0.9886212088
1.4030410000 0.9885877448
1.4030420000 0.9885541270
1.4030430000 0.9885203546
1.4030440000 0.9884864266
1.4030450000 0.9884523419
1.4030460000 0.9884180998
1.4030470000 0.9883836991
1.4030480000 0.9883491390
1.4030490000 0.9883144184
1.4030500000 0.9882795364
1.4030510000 0.9882444919
1.4030520000 0.9882092840
1.4030530000 0.9881739116
1.4030540000 0.9881383737
1.4030550000 0.9881026693
1.4030560000 0.9880667973
1.4030570000 0.9880307567
1.4030580000 0.9879945465
1.4030590000 0.9879581655
1.4030600000 0.9879216128
1.4030610000 0.9878848872
1.4030620000 0.9878479876
1.4030630000 0.9878109130
1.4030640000 0.9877736622
1.4030650000 0.9877362342
1.4030660000 0.9876986278
1.4030670000 0.9876608418
1.4030680000 0.9876228752
1.4030690000 0.9875847268
1.4030700000 0.9875463954
1.4030710000 0.9875078799
1.4030720000 0.9874691790
1.4030730000 0.9874302917
1.4030740000 0.9873912167
1.4030750000 0.9873519527
1.4030760000 0.9873124987
1.4030770000 0.9872728533
1.4030780000 0.9872330154
1.4030790000 0.9871929836
1.4030800000 0.9871527568
1.4030810000 0.9871123336
1.4030820000 0.9870717129
1.4030830000 0.9870308932
1.4030840000 0.9869898734
1.4030850000 0.9869486520
1.4030860000 0.9869072279
1.4030870000 0.9868655996
1.4030880000 0.9868237658
1.4030890000 0.9867817253
1.4030900000 0.9867394765
1.4030910000 0.9866970182
1.4030920000 0.9866543489
1.4030930000 0.9866114673
1.4030940000 0.9865683720
1.4030950000 0.9865250615
1.4030960000 0.9864815345
1.4030970000 0.9864377894
1.4030980000 0.9863938248
1.4030990000 0.9863496394
1.4031000000 0.9863052314
1.4031010000 0.9862605996
1.4031020000 0.9862157424
1.4031030000 0.9861706583
1.4031040000 0.9861253457
1.4031050000 0.9860798031
1.4031060000 0.9860340290
1.4031070000 0.9859880218
1.4031080000 0.9859417799
1.4031090000 0.9858953017
1.4031100000 0.9858485856
1.4031110000 0.9858016301
1.4031120000 0.9857544334
1.4031130000 0.9857069939
1.4031140000 0.9856593100
1.4031150000 0.9856113799
1.4031160000 0.9855632021
1.4031170000 0.9855147747
1.4031180000 0.9854660961
1.4031190000 0.9854171646
1.4031200000 0.9853679783
1.4031210000 0.9853185355
1.4031220000 0.9852688345
1.4031230000 0.9852188735
1.4031240000 0.9851686506
1.4031250000 0.9851181640
1.4031260000 0.9850674119
1.4031270000 0.9850163924
1.4031280000 0.9849651036
1.4031290000 0.9849135438
1.4031300000 0.9848617108
1.4031310000 0.9848096029
1.4031320000 0.9847572180
1.4031330000 0.9847045543
1.4031340000 0.9846516098
1.4031350000 0.9845983824
1.4031360000 0.9845448701
1.4031370000 0.9844910710
1.4031380000 0.9844369829
1.4031390000 0.9843826039
1.4031400000 0.9843279318
1.4031410000 0.9842729645
1.4031420000 0.9842177000
1.4031430000 0.9841621360
1.4031440000 0.9841062704
1.4031450000 0.9840501011
1.4031460000 0.9839936258
1.4031470000 0.9839368424
1.4031480000 0.9838797485
1.4031490000 0.9838223420
1.4031500000 0.9837646205
1.4031510000 0.9837065818
1.4031520000 0.9836482235
1.4031530000 0.9835895433
1.4031540000 0.9835305388
1.4031550000 0.9834712077
1.4031560000 0.9834115476
1.4031570000 0.9833515560
1.4031580000 0.9832912304
1.4031590000 0.9832305685
1.4031600000 0.9831695677
1.4031610000 0.9831082254
1.4031620000 0.9830465392
1.4031630000 0.9829845065
1.4031640000 0.9829221247
1.4031650000 0.9828593911
1.4031660000 0.9827963033
1.4031670000 0.9827328583
1.4031680000 0.9826690537
1.4031690000 0.9826048867
1.4031700000 0.9825403545
1.4031710000 0.9824754544
1.4031720000 0.9824101836
1.4031730000 0.9823445393
1.4031740000 0.9822785186
1.4031750000 0.9822121187
1.4031760000 0.9821453366
1.4031770000 0.9820781695
1.4031780000 0.9820106144
1.4031790000 0.9819426683
1.4031800000 0.9818743282
1.4031810000 0.9818055911
1.4031820000 0.9817364539
1.4031830000 0.9816669134
1.4031840000 0.9815969667
1.4031850000 0.9815266105
1.4031860000 0.9814558416
1.4031870000 0.9813846568
1.4031880000 0.9813130529
1.4031890000 0.9812410265
1.4031900000 0.9811685745
1.4031910000 0.9810956933
1.4031920000 0.9810223797
1.4031930000 0.9809486303
1.4031940000 0.9808744415
1.4031950000 0.9807998099
1.4031960000 0.9807247320
1.4031970000 0.9806492043
1.4031980000 0.9805732231
1.4031990000 0.9804967849
1.4032000000 0.9804198860
1.4032010000 0.9803425226
1.4032020000 0.9802646912
1.4032030000 0.9801863878
1.4032040000 0.9801076087
1.4032050000 0.9800283501
1.4032060000 0.9799486081
1.4032070000 0.9798683787
1.4032080000 0.9797876580
1.4032090000 0.9797064420
1.4032100000 0.9796247267
1.4032110000 0.9795425079
1.4032120000 0.9794597816
1.4032130000 0.9793765436
1.4032140000 0.9792927897
1.4032150000 0.9792085156
1.4032160000 0.9791237170
1.4032170000 0.9790383896
1.4032180000 0.9789525290
1.4032190000 0.9788661309
1.4032200000 0.9787791906
1.4032210000 0.9786917037
1.4032220000 0.9786036657
1.4032230000 0.9785150718
1.4032240000 0.9784259175
1.4032250000 0.9783361980
1.4032260000 0.9782459086
1.4032270000 0.9781550445
1.4032280000 0.9780636007
1.4032290000 0.9779715724
1.4032300000 0.9778789547
1.4032310000 0.9777857424
1.4032320000 0.9776919306
1.4032330000 0.9775975140
1.4032340000 0.9775024876
1.4032350000 0.9774068461
1.4032360000 0.9773105841
1.4032370000 0.9772136964
1.4032380000 0.9771161776
1.4032390000 0.9770180221
1.4032400000 0.9769192245
1.4032410000 0.9768197791
1.4032420000 0.9767196804
1.4032430000 0.9766189226
1.4032440000 0.9765174999
1.4032450000 0.9764154066
1.4032460000 0.9763126367
1.4032470000 0.9762091843
1.4032480000 0.9761050434
1.4032490000 0.9760002078
1.4032500000 0.9758946714
1.4032510000 0.9757884280
1.4032520000 0.9756814714
1.4032530000 0.9755737950
1.4032540000 0.9754653926
1.4032550000 0.9753562575
1.4032560000 0.9752463833
1.4032570000 0.9751357632
1.4032580000 0.9750243906
1.4032590000 0.9749122586
1.4032600000 0.9747993604
1.4032610000 0.9746856890
1.4032620000 0.9745712374
1.4032630000 0.9744559984
1.4032640000 0.9743399649
1.4032650000 0.9742231296
1.4032660000 0.9741054852
1.4032670000 0.9739870241
1.4032680000 0.9738677388
1.4032690000 0.9737476219
1.4032700000 0.9736266654
1.4032710000 0.9735048617
1.4032720000 0.9733822029
1.4032730000 0.9732586810
1.4032740000 0.9731342879
1.4032750000 0.9730090155
1.4032760000 0.9728828556
1.4032770000 0.9727557996
1.4032780000 0.9726278394
1.4032790000 0.9724989661
1.4032800000 0.9723691713
1.4032810000 0.9722384462
1.4032820000 0.9721067819
1.4032830000 0.9719741695
1.4032840000 0.9718405999
1.4032850000 0.9717060638
1.4032860000 0.9715705522
1.4032870000 0.9714340555
1.4032880000 0.9712965642
1.4032890000 0.9711580687
1.4032900000 0.9710185594
1.4032910000 0.9708780263
1.4032920000 0.9707364594
1.4032930000 0.9705938487
1.4032940000 0.9704501840
1.4032950000 0.9703054549
1.4032960000 0.9701596509
1.4032970000 0.9700127615
1.4032980000 0.9698647759
1.4032990000 0.9697156833
1.4033000000 0.9695654727
1.4033010000 0.9694141329
1.4033020000 0.9692616528
1.4033030000 0.9691080208
1.4033040000 0.9689532255
1.4033050000 0.9687972551
1.4033060000 0.9686400978
1.4033070000 0.9684817417
1.4033080000 0.9683221746
1.4033090000 0.9681613842
1.4033100000 0.9679993581
1.4033110000 0.9678360837
1.4033120000 0.9676715482
1.4033130000 0.9675057387
1.4033140000 0.9673386421
1.4033150000 0.9671702452
1.4033160000 0.9670005345
1.4033170000 0.9668294964
1.4033180000 0.9666571172
1.4033190000 0.9664833830
1.4033200000 0.9663082796
1.4033210000 0.9661317926
1.4033220000 0.9659539077
1.4033230000 0.9657746100
1.4033240000 0.9655938848
1.4033250000 0.9654117170
1.4033260000 0.9652280912
1.4033270000 0.9650429921
1.4033280000 0.9648564039
1.4033290000 0.9646683108
1.4033300000 0.9644786966
1.4033310000 0.9642875452
1.4033320000 0.9640948398
1.4033330000 0.9639005639
1.4033340000 0.9637047005
1.4033350000 0.9635072322
1.4033360000 0.9633081418
1.4033370000 0.9631074115
1.4033380000 0.9629050235
1.4033390000 0.9627009596
1.4033400000 0.9624952014
1.4033410000 0.9622877303
1.4033420000 0.9620785274
1.4033430000 0.9618675736
1.4033440000 0.9616548493
1.4033450000 0.9614403350
1.4033460000 0.9612240106
1.4033470000 0.9610058560
1.4033480000 0.9607858506
1.4033490000 0.9605639737
1.4033500000 0.9603402040
1.4033510000 0.9601145204
1.4033520000 0.9598869010
1.4033530000 0.9596573240
1.4033540000 0.9594257669
1.4033550000 0.9591922072
1.4033560000 0.9589566219
1.4033570000 0.9587189878
1.4033580000 0.9584792813
1.4033590000 0.9582374785
1.4033600000 0.9579935551
1.4033610000 0.9577474865
1.4033620000 0.9574992476
1.4033630000 0.9572488133
1.4033640000 0.9569961577
1.4033650000 0.9567412548
1.4033660000 0.9564840781
1.4033670000 0.9562246009
1.4033680000 0.9559627958
1.4033690000 0.9556986352
1.4033700000 0.9554320912
1.4033710000 0.9551631352
1.4033720000 0.9548917384
1.4033730000 0.9546178714
1.4033740000 0.9543415046
1.4033750000 0.9540626078
1.4033760000 0.9537811502
1.4033770000 0.9534971009
1.4033780000 0.9532104283
1.4033790000 0.9529211003
1.4033800000 0.9526290844
1.4033810000 0.9523343476
1.4033820000 0.9520368564
1.4033830000 0.9517365767
1.4033840000 0.9514334741
1.4033850000 0.9511275133
1.4033860000 0.9508186589
1.4033870000 0.9505068747
1.4033880000 0.9501921238
1.4033890000 0.9498743691
1.4033900000 0.9495535726
1.4033910000 0.9492296959
1.4033920000 0.9489026999
1.4033930000 0.9485725450
1.4033940000 0.9482391907
1.4033950000 0.9479025963
1.4033960000 0.9475627200
1.4033970000 0.9472195196
1.4033980000 0.9468729523
1.4033990000 0.9465229743
1.4034000000 0.9461695414
1.4034010000 0.9458126086
1.4034020000 0.9454521302
1.4034030000 0.9450880596
1.4034040000 0.9447203495
1.4034050000 0.9443489521
1.4034060000 0.9439738185
1.4034070000 0.9435948991
1.4034080000 0.9432121435
1.4034090000 0.9428255006
1.4034100000 0.9424349182
1.4034110000 0.9420403433
1.4034120000 0.9416417223
1.4034130000 0.9412390004
1.4034140000 0.9408321219
1.4034150000 0.9404210304
1.4034160000 0.9400056682
1.4034170000 0.9395859771
1.4034180000 0.9391618974
1.4034190000 0.9387333688
1.4034200000 0.9383003297
1.4034210000 0.9378627176
1.4034220000 0.9374204690
1.4034230000 0.9369735191
1.4034240000 0.9365218020
1.4034250000 0.9360652510
1.4034260000 0.9356037977
1.4034270000 0.9351373731
1.4034280000 0.9346659066
1.4034290000 0.9341893264
1.4034300000 0.9337075596
1.4034310000 0.9332205319
1.4034320000 0.9327281677
1.4034330000 0.9322303903
1.4034340000 0.9317271212
1.4034350000 0.9312182808
1.4034360000 0.9307037880
1.4034370000 0.9301835604
1.4034380000 0.9296575138
1.4034390000 0.9291255628
1.4034400000 0.9285876203
1.4034410000 0.9280435976
1.4034420000 0.9274934045
1.4034430000 0.9269369490
1.4034440000 0.9263741376
1.4034450000 0.9258048750
1.4034460000 0.9252290640
1.4034470000 0.9246466059
1.4034480000 0.9240573999
1.4034490000 0.9234613435
1.4034500000 0.9228583322
1.4034510000 0.9222482595
1.4034520000 0.9216310172
1.4034530000 0.9210064946
1.4034540000 0.9203745793
1.4034550000 0.9197351566
1.4034560000 0.9190881096
1.4034570000 0.9184333192
1.4034580000 0.9177706640
1.4034590000 0.9171000205
1.4034600000 0.9164212624
1.4034610000 0.9157342613
1.4034620000 0.9150388863
1.4034630000 0.9143350037
1.4034640000 0.9136224774
1.4034650000 0.9129011686
1.4034660000 0.9121709358
1.4034670000 0.9114316348
1.4034680000 0.9106831182
1.4034690000 0.9099252361
1.4034700000 0.9091578354
1.4034710000 0.9083807600
1.4034720000 0.9075938507
1.4034730000 0.9067969450
1.4034740000 0.9059898773
1.4034750000 0.9051724785
1.4034760000 0.9043445763
1.4034770000 0.9035059946
1.4034780000 0.9026565539
1.4034790000 0.9017960710
1.4034800000 0.9009243589
1.4034810000 0.9000412269
1.4034820000 0.8991464801
1.4034830000 0.8982399199
1.4034840000 0.8973213432
1.4034850000 0.8963905430
1.4034860000 0.8954473079
1.4034870000 0.8944914218
1.4034880000 0.8935226645
1.4034890000 0.8925408107
1.4034900000 0.8915456308
1.4034910000 0.8905368899
1.4034920000 0.8895143484
1.4034930000 0.8884777614
1.4034940000 0.8874268789
1.4034950000 0.8863614454
1.4034960000 0.8852812000
1.4034970000 0.8841858761
1.4034980000 0.8830752013
1.4034990000 0.8819488974
1.4035000000 0.8808066800
1.4035010000 0.8796482585
1.4035020000 0.8784733361
1.4035030000 0.8772816092
1.4035040000 0.8760727676
1.4035050000 0.8748464945
1.4035060000 0.8736024656
1.4035070000 0.8723403498
1.4035080000 0.8710598084
1.4035090000 0.8697604952
1.4035100000 0.8684420561
1.4035110000 0.8671041293
1.4035120000 0.8657463446
1.4035130000 0.8643683236
1.4035140000 0.8629696791
1.4035150000 0.8615500154
1.4035160000 0.8601089275
1.4035170000 0.8586460013
1.4035180000 0.8571608132
1.4035190000 0.8556529300
1.4035200000 0.8541219083
1.4035210000 0.8525672946
1.4035220000 0.8509886249
1.4035230000 0.8493854244
1.4035240000 0.8477572076
1.4035250000 0.8461034772
1.4035260000 0.8444237246
1.4035270000 0.8427174294
1.4035280000 0.8409840589
1.4035290000 0.8392230680
1.4035300000 0.8374338985
1.4035310000 0.8356159796
1.4035320000 0.8337687267
1.4035330000 0.8318915415
1.4035340000 0.8299838115
1.4035350000 0.8280449099
1.4035360000 0.8260741949
1.4035370000 0.8240710097
1.4035380000 0.8220346815
1.4035390000 0.8199645221
1.4035400000 0.8178598266
1.4035410000 0.8157198733
1.4035420000 0.8135439237
1.4035430000 0.8113312213
1.4035440000 0.8090809920
1.4035450000 0.8067924431
1.4035460000 0.8044647631
1.4035470000 0.8020971212
1.4035480000 0.7996886670
1.4035490000 0.7972385299
1.4035500000 0.7947458186
1.4035510000 0.7922096208
1.4035520000 0.7896290027
1.4035530000 0.7870030084
1.4035540000 0.7843306596
1.4035550000 0.7816109552
1.4035560000 0.7788428706
1.4035570000 0.7760253572
1.4035580000 0.7731573423
1.4035590000 0.7702377283
1.4035600000 0.7672653926
1.4035610000 0.7642391866
1.4035620000 0.7611579358
1.4035630000 0.7580204391
1.4035640000 0.7548254685
1.4035650000 0.7515717686
1.4035660000 0.7482580564
1.4035670000 0.7448830207
1.4035680000 0.7414453220
1.4035690000 0.7379435922
1.4035700000 0.7343764342
1.4035710000 0.7307424218
1.4035720000 0.7270400993
1.4035730000 0.7232679819
1.4035740000 0.7194245550
1.4035750000 0.7155082747
1.4035760000 0.7115175677
1.4035770000 0.7074508312
1.4035780000 0.7033064337
1.4035790000 0.6990827148
1.4035800000 0.6947779860
1.4035810000 0.6903905312
1.4035820000 0.6859186073
1.4035830000 0.6813604452
1.4035840000 0.6767142507
1.4035850000 0.6719782060
1.4035860000 0.6671504706
1.4035870000 0.6622291835
1.4035880000 0.6572124647
1.4035890000 0.6520984176
1.4035900000 0.6468851310
1.4035910000 0.6415706824
1.4035920000 0.6361531409
1.4035930000 0.6306305702
1.4035940000 0.6250010336
1.4035950000 0.6192625971
1.4035960000 0.6134133352
1.4035970000 0.6074513359
1.4035980000 0.6013747067
1.4035990000 0.5951815813
1.4036000000 0.5888701269
1.4036010000 0.5824385526
1.4036020000 0.5758851178
1.4036030000 0.5692081424
1.4036040000 0.5624060176
1.4036050000 0.5554772176
1.4036060000 0.5484203128
1.4036070000 0.5412339838
1.4036080000 0.5339170375
1.4036090000 0.5264684235
1.4036100000 0.5188872530
1.4036110000 0.5111728191
1.4036120000 0.5033246189
1.4036130000 0.4953423772
1.4036140000 0.4872260729
1.4036150000 0.4789759671
1.4036160000 0.4705926337
1.4036170000 0.4620769928
1.4036180000 0.4534303459
1.4036190000 0.4446544154
1.4036200000 0.4357513856
1.4036210000 0.4267239475
1.4036220000 0.4175753472
1.4036230000 0.4083094370
1.4036240000 0.3989307307
1.4036250000 0.3894444621
1.4036260000 0.3798566479
1.4036270000 0.3701741535
1.4036280000 0.3604047634
1.4036290000 0.3505572556
1.4036300000 0.3406414786
1.4036310000 0.3306684332
1.4036320000 0.3206503574
1.4036330000 0.3106008135
1.4036340000 0.3005347792
1.4036350000 0.2904687390
1.4036360000 0.2804207785
1.4036370000 0.2704106774
1.4036380000 0.2604600027
1.4036390000 0.2505921989
1.4036400000 0.2408326746
1.4036410000 0.2312088824
1.4036420000 0.2217503912
1.4036430000 0.2124889465
1.4036440000 0.2034585166
1.4036450000 0.1946953213
1.4036460000 0.1862378373
1.4036470000 0.1781267781
1.4036480000 0.1704050412
1.4036490000 0.1631176184
1.4036500000 0.1563114622
1.4036510000 0.1500353023
1.4036520000 0.1443394054
1.4036530000 0.1392752709
1.4036540000 0.1348952556
1.4036550000 0.1312521206
1.4036560000 0.1283984935
1.4036570000 0.1263862407
1.4036580000 0.1252657443
1.4036590000 0.1250850816
1.4036600000 0.1258891056
1.4036610000 0.1277184294
1.4036620000 0.1306083183
1.4036630000 0.1345875005
1.4036640000 0.1396769095
1.4036650000 0.1458883775
1.4036660000 0.1532233062
1.4036670000 0.1616713440
1.4036680000 0.1712091090
1.4036690000 0.1817990006
1.4036700000 0.1933881488
1.4036710000 0.2059075545
1.4036720000 0.2192714781
1.4036730000 0.2333771327
1.4036740000 0.2481047396
1.4036750000 0.2633179966
1.4036760000 0.2788650024
1.4036770000 0.2945796719
1.4036780000 0.3102836562
1.4036790000 0.3257887702
1.4036800000 0.3408999030
1.4036810000 0.3554183685
1.4036820000 0.3691456261
1.4036830000 0.3818872810
1.4036840000 0.3934572512
1.4036850000 0.4036819706
1.4036860000 0.4124044877
1.4036870000 0.4194883109
1.4036880000 0.4248208553
1.4036890000 0.4283163558
1.4036900000 0.4299181260
1.4036910000 0.4296000709
1.4036920000 0.4273673882
1.4036930000 0.4232564274
1.4036940000 0.4173337153
1.4036950000 0.4096941863
1.4036960000 0.4004586950
1.4036970000 0.3897709117
1.4036980000 0.3777937280
1.4036990000 0.3647053107
1.4037000000 0.3506949529
1.4037010000 0.3359588678
1.4037020000 0.3206960632
1.4037030000 0.3051044231
1.4037040000 0.2893771008
1.4037050000 0.2736993084
1.4037060000 0.2582455625
1.4037070000 0.2431774245
1.4037080000 0.2286417484
1.4037090000 0.2147694318
1.4037100000 0.2016746464
1.4037110000 0.1894545127
1.4037120000 0.1781891699
1.4037130000 0.1679421906
1.4037140000 0.1587612801
1.4037150000 0.1506792063
1.4037160000 0.1437149009
1.4037170000 0.1378746826
1.4037180000 0.1331535534
1.4037190000 0.1295365272
1.4037200000 0.1269999545
1.4037210000 0.1255128150
1.4037220000 0.1250379541
1.4037230000 0.1255332468
1.4037240000 0.1269526750
1.4037250000 0.1292473120
1.4037260000 0.1323662088
1.4037270000 0.1362571825
1.4037280000 0.1408675067
1.4037290000 0.1461445088
1.4037300000 0.1520360794
1.4037310000 0.1584910986
1.4037320000 0.1654597867
1.4037330000 0.1728939870
1.4037340000 0.1807473858
1.4037350000 0.1889756792
1.4037360000 0.1975366912
1.4037370000 0.2063904502
1.4037380000 0.2154992311
1.4037390000 0.2248275659
1.4037400000 0.2343422305
1.4037410000 0.2440122093
1.4037420000 0.2538086444
1.4037430000 0.2637047710
1.4037440000 0.2736758421
1.4037450000 0.2836990463
1.4037460000 0.2937534199
1.4037470000 0.3038197555
1.4037480000 0.3138805087
1.4037490000 0.3239197046
1.4037500000 0.3339228445
1.4037510000 0.3438768144
1.4037520000 0.3537697953
1.4037530000 0.3635911767
1.4037540000 0.3733314728
1.4037550000 0.3829822424
1.4037560000 0.3925360124
1.4037570000 0.4019862051
1.4037580000 0.4113270693
1.4037590000 0.4205536150
1.4037600000 0.4296615528
1.4037610000 0.4386472359
1.4037620000 0.4475076062
1.4037630000 0.4562401444
1.4037640000 0.4648428227
1.4037650000 0.4733140613
1.4037660000 0.4816526878
1.4037670000 0.4898578994
1.4037680000 0.4979292279
1.4037690000 0.5058665077
1.4037700000 0.5136698458
1.4037710000 0.5213395943
1.4037720000 0.5288763251
1.4037730000 0.5362808065
1.4037740000 0.5435539817
1.4037750000 0.5506969492
1.4037760000 0.5577109447
1.4037770000 0.5645973246
1.4037780000 0.5713575508
1.4037790000 0.5779931769
1.4037800000 0.5845058357
1.4037810000 0.5908972274
1.4037820000 0.5971691093
1.4037830000 0.6033232864
1.4037840000 0.6093616024
1.4037850000 0.6152859322
1.4037860000 0.6210981747
1.4037870000 0.6268002462
1.4037880000 0.6323940748
1.4037890000 0.6378815951
1.4037900000 0.6432647436
1.4037910000 0.6485454543
1.4037920000 0.6537256551
1.4037930000 0.6588072644
1.4037940000 0.6637921883
1.4037950000 0.6686823176
1.4037960000 0.6734795256
1.4037970000 0.6781856661
1.4037980000 0.6828025718
1.4037990000 0.6873320523
1.4038000000 0.6917758932
1.4038010000 0.6961358545
1.4038020000 0.7004136700
1.4038030000 0.7046110464
1.4038040000 0.7087296624
1.4038050000 0.7127711687
1.4038060000 0.7167371867
1.4038070000 0.7206293092
1.4038080000 0.7244490994
1.4038090000 0.7281980912
1.4038100000 0.7318777889
1.4038110000 0.7354896675
1.4038120000 0.7390351725
1.4038130000 0.7425157202
1.4038140000 0.7459326978
1.4038150000 0.7492874636
1.4038160000 0.7525813475
1.4038170000 0.7558156511
1.4038180000 0.7589916479
1.4038190000 0.7621105839
1.4038200000 0.7651736781
1.4038210000 0.7681821225
1.4038220000 0.7711370828
1.4038230000 0.7740396986
1.4038240000 0.7768910841
1.4038250000 0.7796923286
1.4038260000 0.7824444964
1.4038270000 0.7851486279
1.4038280000 0.7878057398
1.4038290000 0.7904168255
1.4038300000 0.7929828557
1.4038310000 0.7955047787
1.4038320000 0.7979835211
1.4038330000 0.8004199880
1.4038340000 0.8028150636
1.4038350000 0.8051696119
1.4038360000 0.8074844765
1.4038370000 0.8097604816
1.4038380000 0.8119984325
1.4038390000 0.8141991155
1.4038400000 0.8163632987
1.4038410000 0.8184917325
1.4038420000 0.8205851499
1.4038430000 0.8226442667
1.4038440000 0.8246697822
1.4038450000 0.8266623795
1.4038460000 0.8286227259
1.4038470000 0.8305514731
1.4038480000 0.8324492579
1.4038490000 0.8343167023
1.4038500000 0.8361544140
1.4038510000 0.8379629865
1.4038520000 0.8397429998
1.4038530000 0.8414950207
1.4038540000 0.8432196027
1.4038550000 0.8449172868
1.4038560000 0.8465886015
1.4038570000 0.8482340634
1.4038580000 0.8498541771
1.4038590000 0.8514494360
1.4038600000 0.8530203220
1.4038610000 0.8545673063
1.4038620000 0.8560908492
1.4038630000 0.8575914010
1.4038640000 0.8590694015
1.4038650000 0.8605252808
1.4038660000 0.8619594593
1.4038670000 0.8633723480
1.4038680000 0.8647643487
1.4038690000 0.8661358544
1.4038700000 0.8674872491
1.4038710000 0.8688189087
1.4038720000 0.8701312004
1.4038730000 0.8714244835
1.4038740000 0.8726991095
1.4038750000 0.8739554219
1.4038760000 0.8751937570
1.4038770000 0.8764144436
1.4038780000 0.8776178034
1.4038790000 0.8788041511
1.4038800000 0.8799737946
1.4038810000 0.8811270353
1.4038820000 0.8822641678
1.4038830000 0.8833854808
1.4038840000 0.8844912564
1.4038850000 0.8855817711
1.4038860000 0.8866572952
1.4038870000 0.8877180933
1.4038880000 0.8887644248
1.4038890000 0.8897965430
1.4038900000 0.8908146965
1.4038910000 0.8918191283
1.4038920000 0.8928100763
1.4038930000 0.8937877738
1.4038940000 0.8947524490
1.4038950000 0.8957043253
1.4038960000 0.8966436218
1.4038970000 0.8975705527
1.4038980000 0.8984853282
1.4038990000 0.8993881539
1.4039000000 0.9002792313
1.4039010000 0.9011587580
1.4039020000 0.9020269272
1.4039030000 0.9028839286
1.4039040000 0.9037299479
1.4039050000 0.9045651670
1.4039060000 0.9053897643
1.4039070000 0.9062039146
1.4039080000 0.9070077891
1.4039090000 0.9078015559
1.4039100000 0.9085853794
1.4039110000 0.9093594211
1.4039120000 0.9101238391
1.4039130000 0.9108787886
1.4039140000 0.9116244215
1.4039150000 0.9123608870
1.4039160000 0.9130883313
1.4039170000 0.9138068977
1.4039180000 0.9145167270
1.4039190000 0.9152179569
1.4039200000 0.9159107229
1.4039210000 0.9165951575
1.4039220000 0.9172713910
1.4039230000 0.9179395511
1.4039240000 0.9185997629
1.4039250000 0.9192521496
1.4039260000 0.9198968315
1.4039270000 0.9205339272
1.4039280000 0.9211635527
1.4039290000 0.9217858220
1.4039300000 0.9224008470
1.4039310000 0.9230087375
1.4039320000 0.9236096012
1.4039330000 0.9242035438
1.4039340000 0.9247906694
1.4039350000 0.9253710796
1.4039360000 0.9259448748
1.4039370000 0.9265121530
1.4039380000 0.9270730109
1.4039390000 0.9276275431
1.4039400000 0.9281758427
1.4039410000 0.9287180011
1.4039420000 0.9292541079
1.4039430000 0.9297842513
1.4039440000 0.9303085180
1.4039450000 0.9308269928
1.4039460000 0.9313397594
1.4039470000 0.9318468997
1.4039480000 0.9323484945
1.4039490000 0.9328446229
1.4039500000 0.9333353627
1.4039510000 0.9338207904
1.4039520000 0.9343009811
1.4039530000 0.9347760087
1.4039540000 0.9352459457
1.4039550000 0.9357108634
1.4039560000 0.9361708321
1.4039570000 0.9366259204
1.4039580000 0.9370761962
1.4039590000 0.9375217260
1.4039600000 0.9379625753
1.4039610000 0.9383988084
1.4039620000 0.9388304886
1.4039630000 0.9392576780
1.4039640000 0.9396804378
1.4039650000 0.9400988282
1.4039660000 0.9405129082
1.4039670000 0.9409227360
1.4039680000 0.9413283688
1.4039690000 0.9417298629
1.4039700000 0.9421272736
1.4039710000 0.9425206552
1.4039720000 0.9429100613
1.4039730000 0.9432955445
1.4039740000 0.9436771567
1.4039750000 0.9440549488
1.4039760000 0.9444289709
1.4039770000 0.9447992724
1.4039780000 0.9451659018
1.4039790000 0.9455289067
1.4039800000 0.9458883343
1.4039810000 0.9462442308
1.4039820000 0.9465966416
1.4039830000 0.9469456116
1.4039840000 0.9472911849
1.4039850000 0.9476334047
1.4039860000 0.9479723139
1.4039870000 0.9483079545
1.4039880000 0.9486403678
1.4039890000 0.9489695946
1.4039900000 0.9492956750
1.4039910000 0.9496186484
1.4039920000 0.9499385538
1.4039930000 0.9502554295
1.4039940000 0.9505693130
1.4039950000 0.9508802415
1.4039960000 0.9511882516
1.4039970000 0.9514933793
1.4039980000 0.9517956599
1.4039990000 0.9520951284
1.4040000000 0.9523918193
1.4040010000 0.9526857662
1.4040020000 0.9529770026
1.4040030000 0.9532655614
1.4040040000 0.9535514749
1.4040050000 0.9538347750
1.4040060000 0.9541154931
1.4040070000 0.9543936601
1.4040080000 0.9546693065
1.4040090000 0.9549424624
1.4040100000 0.9552131574
1.4040110000 0.9554814205
1.4040120000 0.9557472807
1.4040130000 0.9560107661
1.4040140000 0.9562719047
1.4040150000 0.9565307240
1.4040160000 0.9567872510
1.4040170000 0.9570415126
1.4040180000 0.9572935350
1.4040190000 0.9575433442
1.4040200000 0.9577909658
1.4040210000 0.9580364250
1.4040220000 0.9582797466
1.4040230000 0.9585209552
1.4040240000 0.9587600749
1.4040250000 0.9589971295
1.4040260000 0.9592321425
1.4040270000 0.9594651371
1.4040280000 0.9596961361
1.4040290000 0.9599251621
1.4040300000 0.9601522371
1.4040310000 0.9603773831
1.4040320000 0.9606006218
1.4040330000 0.9608219743
1.4040340000 0.9610414616
1.4040350000 0.9612591046
1.4040360000 0.9614749235
1.4040370000 0.9616889386
1.4040380000 0.9619011697
1.4040390000 0.9621116365
1.4040400000 0.9623203581
1.4040410000 0.9625273538
1.4040420000 0.9627326423
1.4040430000 0.9629362422
1.4040440000 0.9631381717
1.4040450000 0.9633384491
1.4040460000 0.9635370920
1.4040470000 0.9637341181
1.4040480000 0.9639295447
1.4040490000 0.9641233890
1.4040500000 0.9643156678
1.4040510000 0.9645063978
1.4040520000 0.9646955955
1.4040530000 0.9648832771
1.4040540000 0.9650694587
1.4040550000 0.9652541560
1.4040560000 0.9654373846
1.4040570000 0.9656191600
1.4040580000 0.9657994973
1.4040590000 0.9659784117
1.4040600000 0.9661559178
1.4040610000 0.9663320303
1.4040620000 0.9665067637
1.4040630000 0.9666801322
1.4040640000 0.9668521498
1.4040650000 0.9670228306
1.4040660000 0.9671921881
1.4040670000 0.9673602359
1.4040680000 0.9675269874
1.4040690000 0.9676924558
1.4040700000 0.9678566541
1.4040710000 0.9680195952
1.4040720000 0.9681812918
1.4040730000 0.9683417564
1.4040740000 0.9685010015
1.4040750000 0.9686590392
1.4040760000 0.9688158818
1.4040770000 0.9689715410
1.4040780000 0.9691260286
1.4040790000 0.9692793565
1.4040800000 0.9694315359
1.4040810000 0.9695825783
1.4040820000 0.9697324950
1.4040830000 0.9698812969
1.4040840000 0.9700289951
1.4040850000 0.9701756003
1.4040860000 0.9703211232
1.4040870000 0.9704655745
1.4040880000 0.9706089644
1.4040890000 0.9707513034
1.4040900000 0.9708926016
1.4040910000 0.9710328690
1.4040920000 0.9711721156
1.4040930000 0.9713103512
1.4040940000 0.9714475855
1.4040950000 0.9715838281
1.4040960000 0.9717190884
1.4040970000 0.9718533759
1.4040980000 0.9719866997
1.4040990000 0.9721190690
1.4041000000 0.9722504928
1.4041010000 0.9723809801
1.4041020000 0.9725105396
1.4041030000 0.9726391802
1.4041040000 0.9727669103
1.4041050000 0.9728937386
1.4041060000 0.9730196734
1.4041070000 0.9731447231
1.4041080000 0.9732688959
1.4041090000 0.9733921999
1.4041100000 0.9735146432
1.4041110000 0.9736362336
1.4041120000 0.9737569791
1.4041130000 0.9738768875
1.4041140000 0.9739959663
1.4041150000 0.9741142232
1.4041160000 0.9742316656
1.4041170000 0.9743483011
1.4041180000 0.9744641369
1.4041190000 0.9745791803
1.4041200000 0.9746934384
1.4041210000 0.9748069184
1.4041220000 0.9749196272
1.4041230000 0.9750315718
1.4041240000 0.9751427590
1.4041250000 0.9752531956
1.4041260000 0.9753628884
1.4041270000 0.9754718439
1.4041280000 0.9755800686
1.4041290000 0.9756875692
1.4041300000 0.9757943519
1.4041310000 0.9759004232
1.4041320000 0.9760057893
1.4041330000 0.9761104563
1.4041340000 0.9762144306
1.4041350000 0.9763177180
1.4041360000 0.9764203246
1.4041370000 0.9765222564
1.4041380000 0.9766235191
1.4041390000 0.9767241188
1.4041400000 0.9768240609
1.4041410000 0.9769233514
1.4041420000 0.9770219957
1.4041430000 0.9771199995
1.4041440000 0.9772173682
1.4041450000 0.9773141073
1.4041460000 0.9774102223
1.4041470000 0.9775057183
1.4041480000 0.9776006007
1.4041490000 0.9776948747
1.4041500000 0.9777885455
1.4041510000 0.9778816182
1.4041520000 0.9779740978
1.4041530000 0.9780659893
1.4041540000 0.9781572978
1.4041550000 0.9782480280
1.4041560000 0.9783381848
1.4041570000 0.9784277731
1.4041580000 0.9785167976
1.4041590000 0.9786052629
1.4041600000 0.9786931737
1.4041610000 0.9787805347
1.4041620000 0.9788673503
1.4041630000 0.9789536252
1.4041640000 0.9790393636
1.4041650000 0.9791245701
1.4041660000 0.9792092491
1.4041670000 0.9792934048
1.4041680000 0.9793770415
1.4041690000 0.9794601635
1.4041700000 0.9795427750
1.4041710000 0.9796248801
1.4041720000 0.9797064829
1.4041730000 0.9797875875
1.4041740000 0.9798681979
1.4041750000 0.9799483182
1.4041760000 0.9800279522
1.4041770000 0.9801071038
1.4041780000 0.9801857770
1.4041790000 0.9802639756
1.4041800000 0.9803417033
1.4041810000 0.9804189639
1.4041820000 0.9804957612
1.4041830000 0.9805720988
1.4041840000 0.9806479803
1.4041850000 0.9807234094
1.4041860000 0.9807983896
1.4041870000 0.9808729245
1.4041880000 0.9809470176
1.4041890000 0.9810206723
1.4041900000 0.9810938921
1.4041910000 0.9811666804
1.4041920000 0.9812390405
1.4041930000 0.9813109758
1.4041940000 0.9813824897
1.4041950000 0.9814535852
1.4041960000 0.9815242658
1.4041970000 0.9815945346
1.4041980000 0.9816643948
1.4041990000 0.9817338495
1.4042000000 0.9818029019
1.4042010000 0.9818715550
1.4042020000 0.9819398119
1.4042030000 0.9820076757
1.4042040000 0.9820751493
1.4042050000 0.9821422357
1.4042060000 0.9822089378
1.4042070000 0.9822752586
1.4042080000 0.9823412010
1.4042090000 0.9824067677
1.4042100000 0.9824719617
1.4042110000 0.9825367858
1.4042120000 0.9826012427
1.4042130000 0.9826653352
1.4042140000 0.9827290660
1.4042150000 0.9827924379
1.4042160000 0.9828554534
1.4042170000 0.9829181153
1.4042180000 0.9829804262
1.4042190000 0.9830423887
1.4042200000 0.9831040054
1.4042210000 0.9831652788
1.4042220000 0.9832262115
1.4042230000 0.9832868059
1.4042240000 0.9833470647
1.4042250000 0.9834069901
1.4042260000 0.9834665848
1.4042270000 0.9835258510
1.4042280000 0.9835847912
1.4042290000 0.9836434078
1.4042300000 0.9837017032
1.4042310000 0.9837596795
1.4042320000 0.9838173393
1.4042330000 0.9838746847
1.4042340000 0.9839317181
1.4042350000 0.9839884416
1.4042360000 0.9840448576
1.4042370000 0.9841009682
1.4042380000 0.9841567756
1.4042390000 0.9842122819
1.4042400000 0.9842674895
1.4042410000 0.9843224003
1.4042420000 0.9843770165
1.4042430000 0.9844313402
1.4042440000 0.9844853734
1.4042450000 0.9845391183
1.4042460000 0.9845925768
1.4042470000 0.9846457510
1.4042480000 0.9846986429
1.4042490000 0.9847512544
1.4042500000 0.9848035876
1.4042510000 0.9848556444
1.4042520000 0.9849074267
1.4042530000 0.9849589365
1.4042540000 0.9850101756
1.4042550000 0.9850611459
1.4042560000 0.9851118494
1.4042570000 0.9851622878
1.4042580000 0.9852124630
1.4042590000 0.9852623768
1.4042600000 0.9853120310
1.4042610000 0.9853614275
1.4042620000 0.9854105679
1.4042630000 0.9854594540
1.4042640000 0.9855080877
1.4042650000 0.9855564705
1.4042660000 0.9856046043
1.4042670000 0.9856524907
1.4042680000 0.9857001315
1.4042690000 0.9857475282
1.4042700000 0.9857946825
1.4042710000 0.9858415962
1.4042720000 0.9858882707
1.4042730000 0.9859347078
1.4042740000 0.9859809090
1.4042750000 0.9860268760
1.4042760000 0.9860726102
1.4042770000 0.9861181133
1.4042780000 0.9861633868
1.4042790000 0.9862084322
1.4042800000 0.9862532511
1.4042810000 0.9862978450
1.4042820000 0.9863422153
1.4042830000 0.9863863637
1.4042840000 0.9864302914
1.4042850000 0.9864740000
1.4042860000 0.9865174910
1.4042870000 0.9865607658
1.4042880000 0.9866038257
1.4042890000 0.9866466723
1.4042900000 0.9866893069
1.4042910000 0.9867317309
1.4042920000 0.9867739457
1.4042930000 0.9868159527
1.4042940000 0.9868577531
1.4042950000 0.9868993485
1.4042960000 0.9869407400
1.4042970000 0.9869819290
1.4042980000 0.9870229169
1.4042990000 0.9870637049
1.4043000000 0.9871042944
1.4043010000 0.9871446865
1.4043020000 0.9871848826
1.4043030000 0.9872248840
1.4043040000 0.9872646919
1.4043050000 0.9873043075
1.4043060000 0.9873437321
1.4043070000 0.9873829668
1.4043080000 0.9874220130
1.4043090000 0.9874608717
1.4043100000 0.9874995443
1.4043110000 0.9875380318
1.4043120000 0.9875763355
1.4043130000 0.9876144565
1.4043140000 0.9876523960
1.4043150000 0.9876901550
1.4043160000 0.9877277349
1.4043170000 0.9877651366
1.4043180000 0.9878023613
1.4043190000 0.9878394102
1.4043200000 0.9878762842
1.4043210000 0.9879129846
1.4043220000 0.9879495123
1.4043230000 0.9879858686
1.4043240000 0.9880220543
1.4043250000 0.9880580707
1.4043260000 0.9880939187
1.4043270000 0.9881295994
1.4043280000 0.9881651138
1.4043290000 0.9882004630
1.4043300000 0.9882356480
1.4043310000 0.9882706697
1.4043320000 0.9883055293
1.4043330000 0.9883402276
1.4043340000 0.9883747657
1.4043350000 0.9884091446
1.4043360000 0.9884433652
1.4043370000 0.9884774285
1.4043380000 0.9885113354
1.4043390000 0.9885450869
1.4043400000 0.9885786840
1.4043410000 0.9886121276
1.4043420000 0.9886454186
1.4043430000 0.9886785580
1.4043440000 0.9887115466
1.4043450000 0.9887443854
1.4043460000 0.9887770752
1.4043470000 0.9888096170
1.4043480000 0.9888420117
1.4043490000 0.9888742601
1.4043500000 0.9889063631
1.4043510000 0.9889383216
1.4043520000 0.9889701364
1.4043530000 0.9890018085
1.4043540000 0.9890333386
1.4043550000 0.9890647276
1.4043560000 0.9890959763
1.4043570000 0.9891270855
1.4043580000 0.9891580562
1.4043590000 0.9891888891
1.4043600000 0.9892195850
1.4043610000 0.9892501447
1.4043620000 0.9892805690
1.4043630000 0.9893108588
1.4043640000 0.9893410148
1.4043650000 0.9893710377
1.4043660000 0.9894009285
1.4043670000 0.9894306878
1.4043680000 0.9894603164
1.4043690000 0.9894898150
1.4043700000 0.9895191845
1.4043710000 0.9895484256
1.4043720000 0.9895775390
1.4043730000 0.9896065255
1.4043740000 0.9896353857
1.4043750000 0.9896641205
1.4043760000 0.9896927306
1.4043770000 0.9897212166
1.4043780000 0.9897495792
1.4043790000 0.9897778193
1.4043800000 0.9898059375
1.4043810000 0.9898339344
1.4043820000 0.9898618108
1.4043830000 0.9898895674
1.4043840000 0.9899172049
1.4043850000 0.9899447238
1.4043860000 0.9899721250
1.4043870000 0.9899994091
1.4043880000 0.9900265766
1.4043890000 0.9900536284
1.4043900000 0.9900805650
1.4043910000 0.9901073872
1.4043920000 0.9901340954
1.4043930000 0.9901606905
1.4043940000 0.9901871730
1.4043950000 0.9902135435
1.4043960000 0.9902398027
1.4043970000 0.9902659512
1.4043980000 0.9902919896
1.4043990000 0.9903179186
1.4044000000 0.9903437387
1.4044010000 0.9903694506
1.4044020000 0.9903950548
1.4044030000 0.9904205519
1.4044040000 0.9904459427
1.4044050000 0.9904712275
1.4044060000 0.9904964071
1.4044070000 0.9905214819
1.4044080000 0.9905464527
1.4044090000 0.9905713199
1.4044100000 0.9905960841
1.4044110000 0.9906207459
1.4044120000 0.9906453058
1.4044130000 0.9906697645
1.4044140000 0.9906941224
1.4044150000 0.9907183801
1.4044160000 0.9907425382
1.4044170000 0.9907665972
1.4044180000 0.9907905576
1.4044190000 0.9908144199
1.4044200000 0.9908381848
1.4044210000 0.9908618527
1.4044220000 0.9908854242
1.4044230000 0.9909088997
1.4044240000 0.9909322799
1.4044250000 0.9909555651
1.4044260000 0.9909787560
1.4044270000 0.9910018530
1.4044280000 0.9910248566
1.4044290000 0.9910477673
1.4044300000 0.9910705857
1.4044310000 0.9910933122
1.4044320000 0.9911159473
1.4044330000 0.9911384915
1.4044340000 0.9911609453
1.4044350000 0.9911833091
1.4044360000 0.9912055835
1.4044370000 0.9912277689
1.4044380000 0.9912498658
1.4044390000 0.9912718746
1.4044400000 0.9912937959
1.4044410000 0.9913156300
1.4044420000 0.9913373775
1.4044430000 0.9913590388
1.4044440000 0.9913806143
1.4044450000 0.9914021045
1.4044460000 0.9914235099
1.4044470000 0.9914448308
1.4044480000 0.9914660678
1.4044490000 0.9914872212
1.4044500000 0.9915082916
1.4044510000 0.9915292793
1.4044520000 0.9915501847
1.4044530000 0.9915710083
1.4044540000 0.9915917506
1.4044550000 0.9916124119
1.4044560000 0.9916329927
1.4044570000 0.9916534933
1.4044580000 0.9916739142
1.4044590000 0.9916942558
1.4044600000 0.9917145185
1.4044610000 0.9917347027
1.4044620000 0.9917548089
1.4044630000 0.9917748373
1.4044640000 0.9917947885
1.4044650000 0.9918146628
1.4044660000 0.9918344605
1.4044670000 0.9918541822
1.4044680000 0.9918738281
1.4044690000 0.9918933987
1.4044700000 0.9919128944
1.4044710000 0.9919323155
1.4044720000 0.9919516623
1.4044730000 0.9919709354
1.4044740000 0.9919901350
1.4044750000 0.9920092615
1.4044760000 0.9920283153
1.4044770000 0.9920472968
1.4044780000 0.9920662063
1.4044790000 0.9920850442
1.4044800000 0.9921038108
1.4044810000 0.9921225066
1.4044820000 0.9921411317
1.4044830000 0.9921596867
1.4044840000 0.9921781719
1.4044850000 0.9921965875
1.4044860000 0.9922149340
1.4044870000 0.9922332117
1.4044880000 0.9922514209
1.4044890000 0.9922695621
1.4044900000 0.9922876354
1.4044910000 0.9923056413
1.4044920000 0.9923235800
1.4044930000 0.9923414520
1.4044940000 0.9923592575
1.4044950000 0.9923769969
1.4044960000 0.9923946705
1.4044970000 0.9924122786
1.4044980000 0.9924298215
1.4044990000 0.9924472996
1.4045000000 0.9924647132
